==============================================================================
Thread 23b — gamma_wall calibration and nu_hat as a wall predictor
==============================================================================
GH constant 3/(2*pi*e) = 0.175649
gamma = eff * n^(1/m) / GH_CONST ;  gamma<1 <=> ||v_planted|| < GH(L0)

------------------------------------------------------------------------------
13-bit: curve search
------------------------------------------------------------------------------
  24 curves found
        p      n   K2   lam*   nu@2  K1wall   eff_w  g_wall
     8269   8269   91  0.019  0.267       8  0.0880    1.24
     8461   8581   93  0.049  0.676       6  0.0650    0.92
     8521   8581   93  0.049  0.676       6  0.0650    0.92
     8317   8389   92  0.082  0.900       9  0.0987    1.39
     8419   8377   92  0.097  0.834       6  0.0659    0.93
     8419   8287   92  0.069  0.924       6  0.0666    0.93
     8233   8089   90  0.175  0.792       7  0.0779    1.09
     8389   8317   92  0.155  0.981      16  0.1770    2.48
     8443   8599   93  0.140  0.572       9  0.0973    1.37
     8209   8293   92  0.247  0.331      18  0.1997    2.80
     8287   8419   92  0.233  0.962       6  0.0656    0.92
     8377   8419   92  0.233  0.962       6  0.0656    0.92
     8641   8821   94  0.276  0.966       6  0.0639    0.90
     8647   8539   93  0.299  0.754       8  0.0871    1.23
     9319   9421   98  0.253  0.323      16  0.1664    2.37
     8311   8161   91  0.356  0.928       6  0.0669    0.94
     8467   8563   93  0.330  0.264      15  0.1629    2.29
     8677   8527   93  0.349  0.677       5  0.0545    0.77
     8293   8209   91  0.398  0.399      17  0.1885    2.64
     8689   8731   94  0.419  0.968       7  0.0754    1.06
     8821   8641   93  0.413  0.987       4  0.0431    0.61
     8563   8467   93  0.495  0.207      18  0.1977    2.78
     8893   8929   95  0.486  0.408       8  0.0851    1.20
     8971   9103   96  0.481  0.537       7  0.0738    1.05

  13-bit: gamma_wall min=0.61 median=1.09 max=2.80
  spearman(nu_hat, gamma_wall) = -0.562  perm p = 0.0050   [predictor]
  spearman(lam*,   gamma_wall) = +0.124  perm p = 0.5673   [negative control]

------------------------------------------------------------------------------
15-bit: curve search
------------------------------------------------------------------------------
  24 curves found
        p      n   K2   lam*   nu@2  K1wall   eff_w  g_wall
    33211  33349  183  0.036  0.687      27  0.1482    2.39
    33391  33391  183  0.009  0.189      17  0.0932    1.50
    33493  33739  184  0.045  0.854      10  0.0545    0.88
    32803  32497  181  0.072  0.763      14  0.0780    1.25
    32941  33301  183  0.097  0.781      11  0.0604    0.97
    33529  33301  183  0.097  0.781       9  0.0495    0.80
    33343  33151  183  0.168  0.333      30  0.1656    2.67
    33739  33493  184  0.159  0.908      10  0.0549    0.89
    34159  34183  185  0.160  0.867       9  0.0487    0.79
    33301  32941  182  0.226  0.753      11  0.0608    0.98
    33487  33637  184  0.238  0.912      32  0.1750    2.83
    33937  34303  186  0.207  0.729      18  0.0976    1.58
    33091  33403  183  0.284  0.408      17  0.0931    1.50
    33151  33343  183  0.285  0.381      26  0.1427    2.30
    33487  33703  184  0.304  0.947       9  0.0491    0.79
    33181  33223  183  0.325  0.481       9  0.0496    0.80
    33829  34159  185  0.347  0.826      10  0.0542    0.88
    34129  34483  186  0.349  0.935      12  0.0647    1.05
    32869  32707  181  0.385  0.694      34  0.1882    3.03
    33301  33529  184  0.406  0.638       9  0.0494    0.80
    33349  33211  183  0.379  0.805      13  0.0716    1.16
    32839  32503  181  0.481  0.742      11  0.0613    0.99
    33013  33247  183  0.460  0.832      11  0.0605    0.98
    33223  33181  183  0.488  0.467       8  0.0441    0.71

  15-bit: gamma_wall min=0.71 median=0.99 max=3.03
  spearman(nu_hat, gamma_wall) = -0.319  perm p = 0.1303   [predictor]
  spearman(lam*,   gamma_wall) = -0.189  perm p = 0.3701   [negative control]

------------------------------------------------------------------------------
POOLED (both bit-sizes)
------------------------------------------------------------------------------
  N = 48 curves
  gamma_wall : min=0.61 median=1.05 max=3.03
  eff_wall   : min=0.0431 median=0.0716 max=0.1997
  spearman(nu_hat, gamma_wall) = -0.418  perm p = 0.0035
  spearman(lam*,   gamma_wall) = -0.051  perm p = 0.7317
  fit: log(gamma_wall) = +0.855 -0.933*nu_hat   R^2=0.248
       => gamma_wall ~ 2.35 * exp(-0.933*nu_hat)
  sd log(gamma_wall) = 0.448  ->  after nu_hat correction 0.388  (13% reduction)

Done.
