Thread 23 -- Phase-2 lattice reformulation (d-column removal)
seeds = [42, 1234, 9999, 555, 31337]

==============================================================================
E1  Shortest-vector structure: is the planted vector lambda_1 now?
==============================================================================
sv/pv  = ||shortest LLL row|| / ||v_planted||   (V3: Babai dist / ||err||)
triv   = 1 if the shortest row is exactly the trivial n*S_D*e_d vector

curve           K1   m      V1 sv/pv   V1c sv/pv    V2 sv/pv   V2c sv/pv    V3 sv/pv  V1 triv
8-bit/199        2   6         0.603       0.662       0.843       0.924       1.000        1
12-bit/2557      8   8         0.517       0.596       0.532       0.614       1.000        1
12-bit/2677      8  10         0.422       0.560       0.813       1.000       1.000        1

==============================================================================
E2  Rank of the V2 generating set (deficiency should be exactly 1)
==============================================================================
curve            m  gens  cols  rank(LLL)  defic
8-bit/199        6    14    13         13      1
12-bit/2557      8    18    17         17      1
12-bit/2677     10    22    21         21      1

==============================================================================
E3  T4 grid re-run: successes out of 5 seeds, per K1, per variant
==============================================================================

8-bit/199  p=211 n=199 lam=106 lam*=0.4673 m=6
  variant     K1=2   K1=3   K1=4   K1=6   K1=8  K1=12  K1=16  K1=24  K1=32  K1=48   wall
  V1             5      5      2      2      0      0      0      0      0      0      3
  V1c            5      5      4      1      0      0      0      0      0      0      3
  V2             5      5      2      2      0      0      0      0      0      0      3
  V2c            5      5      3      1      0      0      0      0      0      0      3
  V3             5      5      3      1      0      0      0      0      0      0      3

12-bit/2557  p=2557 n=2659 lam=1755 lam*=0.3400 m=8
  variant     K1=2   K1=3   K1=4   K1=6   K1=8  K1=12  K1=16  K1=24  K1=32  K1=48   wall
  V1             5      5      5      5      5      1      0      0      0      0      8
  V1c            5      5      5      5      5      5      4      0      0      0     12
  V2             5      5      5      5      5      1      0      0      0      0      8
  V2c            5      5      5      5      5      5      5      1      0      0     16
  V3             5      5      5      5      5      4      5      1      0      0     16

12-bit/2677  p=2677 n=2647 lam=185 lam*=0.0699 m=10
  variant     K1=2   K1=3   K1=4   K1=6   K1=8  K1=12  K1=16  K1=24  K1=32  K1=48   wall
  V1             5      5      5      0      0      0      0      0      0      0      4
  V1c            5      5      5      5      5      4      1      1      0      0      8
  V2             5      5      5      0      0      0      0      0      0      0      4
  V2c            5      5      5      5      5      4      1      1      0      0      8
  V3             5      5      5      4      4      4      1      1      0      0      4

==============================================================================
E4  m-sweep at K1=8 (the 2026-07-29 T4b point where more data did not help)
==============================================================================

12-bit/2557
  variant      m=8   m=12   m=16   m=24   m=32
  V1             5      5      5      5      5
  V1c            5      5      5      5      5
  V2             5      5      5      5      5
  V2c            5      5      5      5      5
  V3             5      5      5      5      5

12-bit/2677
  variant      m=8   m=12   m=16   m=24   m=32
  V1             0      0      1      0      1
  V1c            4      5      5      5      5
  V2             0      0      1      0      1
  V2c            4      5      5      5      5
  V3             3      5      5      5      5

==============================================================================
E5  T3 sweep replication on 20 fresh 17-bit curves, V1 vs V2c vs V3
==============================================================================
2026-07-29 reference (V1): eff=0.05 -> 19/20 at 5/5; 0.15 -> 3/20; 0.25 -> 0/20

Searching j=0 GLV curves with p in [2^16, 2^17) ...
Found 20 curves.  m = 12, seeds = [42, 1234, 9999, 555, 31337]

--- eff target = 0.05 ---
      p       n   lam*   K1    eff      V1     V1c     V2c      V3
  65647   65719  0.027   12  0.047       5       5       5       5
  65713   65269  0.007   12  0.047       5       5       5       5
  66463   66499  0.054   12  0.047       5       5       5       5
  66943   66457  0.099   12  0.047       5       5       5       5
  65707   65203  0.137   12  0.047       5       5       5       5
  66499   66463  0.114   12  0.047       5       5       5       5
  66271   66751  0.156   12  0.047       4       5       5       5
  67783   67939  0.185   13  0.050       5       5       5       5
  65707   66037  0.211   12  0.047       5       5       5       5
  65719   65647  0.225   12  0.047       5       5       5       5
  65929   66301  0.298   12  0.047       5       5       5       5
  65929   65437  0.289   12  0.047       5       5       5       5
  65539   65287  0.335   12  0.047       5       5       5       5
  65677   65899  0.318   12  0.047       5       5       5       5
  65557   65053  0.388   12  0.047       5       5       5       5
  65617   65119  0.358   12  0.047       5       5       5       5
  65629   66109  0.410   12  0.047       5       5       5       5
  65647   65173  0.414   12  0.047       5       5       5       5
  66853   67369  0.482   12  0.046       5       5       5       5
  68743   69259  0.491   13  0.050       5       5       5       5
                   CURVES AT 5/5   19/20   20/20   20/20   20/20

--- eff target = 0.15 ---
      p       n   lam*   K1    eff      V1     V1c     V2c      V3
  65647   65719  0.027   38  0.149       1       4       4       4
  65713   65269  0.007   38  0.149       0       5       5       5
  66463   66499  0.054   38  0.147       0       5       5       2
  66943   66457  0.099   38  0.148       0       5       5       5
  65707   65203  0.137   38  0.149       0       4       4       4
  66499   66463  0.114   38  0.148       2       5       5       5
  66271   66751  0.156   38  0.147       0       4       4       4
  67783   67939  0.185   39  0.150       0       5       5       5
  65707   66037  0.211   38  0.148       0       5       5       4
  65719   65647  0.225   38  0.149       0       3       3       2
  65929   66301  0.298   38  0.148       0       5       5       3
  65929   65437  0.289   38  0.149       0       4       4       3
  65539   65287  0.335   38  0.149       5       5       5       5
  65677   65899  0.318   38  0.148       5       5       5       5
  65557   65053  0.388   38  0.150       0       5       5       4
  65617   65119  0.358   38  0.149       0       5       5       4
  65629   66109  0.410   38  0.148       0       4       4       3
  65647   65173  0.414   38  0.149       0       5       5       4
  66853   67369  0.482   38  0.147       5       5       5       5
  68743   69259  0.491   39  0.149       3       5       5       4
                   CURVES AT 5/5    3/20   14/20   14/20    7/20

--- eff target = 0.25 ---
      p       n   lam*   K1    eff      V1     V1c     V2c      V3
  65647   65719  0.027   63  0.246       0       2       2       2
  65713   65269  0.007   63  0.247       0       2       2       2
  66463   66499  0.054   64  0.248       0       2       2       2
  66943   66457  0.099   64  0.248       0       2       2       2
  65707   65203  0.137   63  0.247       0       4       4       4
  66499   66463  0.114   64  0.248       0       2       2       2
  66271   66751  0.156   64  0.248       0       1       1       1
  67783   67939  0.185   65  0.250       0       3       3       3
  65707   66037  0.211   64  0.249       0       5       5       4
  65719   65647  0.225   63  0.247       0       1       1       1
  65929   66301  0.298   64  0.249       0       3       3       3
  65929   65437  0.289   63  0.246       0       1       1       1
  65539   65287  0.335   63  0.247       1       5       5       5
  65677   65899  0.318   64  0.250       3       5       5       5
  65557   65053  0.388   63  0.248       0       3       3       3
  65617   65119  0.358   63  0.248       0       3       3       3
  65629   66109  0.410   64  0.250       0       1       1       1
  65647   65173  0.414   63  0.247       0       3       3       3
  66853   67369  0.482   64  0.247       3       5       5       5
  68743   69259  0.491   65  0.248       2       3       3       3
                   CURVES AT 5/5    0/20    4/20    4/20    3/20

--- eff target = 0.35 ---
      p       n   lam*   K1    eff      V1     V1c     V2c      V3
  65647   65719  0.027   89  0.348       0       0       0       0
  65713   65269  0.007   89  0.349       0       0       0       0
  66463   66499  0.054   90  0.349       0       0       0       0
  66943   66457  0.099   90  0.349       0       1       1       1
  65707   65203  0.137   89  0.349       0       2       2       2
  66499   66463  0.114   90  0.349       0       0       0       0
  66271   66751  0.156   90  0.349       0       0       0       0
  67783   67939  0.185   91  0.350       0       1       1       1
  65707   66037  0.211   89  0.346       0       3       3       3
  65719   65647  0.225   89  0.348       0       2       2       2
  65929   66301  0.298   89  0.346       0       1       1       1
  65929   65437  0.289   89  0.348       0       0       0       0
  65539   65287  0.335   89  0.349       0       1       1       1
  65677   65899  0.318   89  0.347       1       2       2       2
  65557   65053  0.388   88  0.346       0       2       2       2
  65617   65119  0.358   89  0.350       0       3       3       3
  65629   66109  0.410   89  0.347       0       0       0       0
  65647   65173  0.414   89  0.350       0       2       2       2
  66853   67369  0.482   90  0.347       0       1       1       1
  68743   69259  0.491   91  0.347       0       1       1       1
                   CURVES AT 5/5    0/20    0/20    0/20    0/20

Done.

==============================================================================
E6  New ceiling: V1c with LLL vs BKZ-20, on the same 20 curves
==============================================================================
20 curves, m = 12, seeds = [42, 1234, 9999, 555, 31337]

   eff    V1 LLL   V1c LLL   V1c BKZ20
  0.25      0/20      4/20        4/20
  0.35      0/20      0/20        0/20
  0.45      0/20      0/20        0/20
