158768612
116467188
4754768
119831745
212786553
88685834
30097547
7742554
108647738
175156371
93444174
141488235
165351846
44622761
224745072
92241927
92507234
71144952
199955854
195234195
146715251
72598887
115005039
203643439
70495589
117857971
8506837
29434373
208358023
85715402
228856271
78642890
25965264
97048466
147811645
180135085
217483026
129382569
177791269
96373918
130725376
63470021
71256452
80902976
119220264
171118814
69955507
82630334
211026375
72315734
188002025
126376749
64947500
156253947
80676212
210764112
149980113
175914579
62981479
183213765
160911897
84954788
193612407
3191792
113532924
16523763
7173896
211369814
197624753
109587170
35566734
78067016
146637953
121944687
12827835
175458390
42800479
39388385
81132055
104345306
113067075
64681566
222015539
21918054
197822714
64423777
91770464
66648529
95199516
109597640
50139126
179146092
165893416
61524050
158516549
150310998
198826799
220037642
183841032
205243646
77923230
133831343
124320923
158899751
87524993
87437947
71660353
93018670
45262506
791149
205745731
45682759
97805990
55194246
194185525
165652668
62758917
6061284
27632622
143713341
43198918
28507791
197141004
38021928
124341801
67544224
200110324
204136604
211052844
26775845
228002217
147494571
190943494
230226723
189920403
210981341
51974082
35509112
210725677
193927390
48328245
130976303
164622366
136380061
52781103
88285892
86001900
191245480
142947364
177469175
123745225
74792837
208419182
158636048
162893412
80639884
37300228
53604607
168771993
182742599
51928568
179353426
226781134
110800173
60622607
23867056
169041645
130623465
85801969
130215450
121863518
198469611
10648681
42212303
199564110
116777446
95345111
186596170
128307707
71309366
219758742
114592262
92251175
188905555
35879300
23499530
214997714
223338774
44066898
228265984
223045830
198889978
212873408
72817085
225477089
118662808
173112434
140747729
49991053
188012677
25853236
189428757
198302316
53810016
174609240
189890482
212027290
93722062
203750155
44204516
60575954
51818969
182907263
221689756
41012816
78088573
135540739
174390129
121416925
98884304
19998300
94341577
36190927
4016087
89249145
54706931
84619092
190178512
97643066
178974478
91679962
163200452
49044238
181096951
77629169
168370397
204070536
208325569
165803613
95675009
116929375
87857145
182571283
136983113
144960918
124691857
72975076
124938664
44058327
145103701
215779402
203044298
132768324
197973573
215697514
142051447
196677027
188844541
78073310
103404142
88349299
152690997
37372001
140206562
134595115
144745918
184942439
172413948
21746054
72071568
159573200
112452634
217006218
156670881
55031510
88422164
790454
141762147
162116297
150261852
2706862
15011305
223611845
169044422
96098957
95482706
99976257
200725444
66065864
152330973
216169922
3115884
103552394
202219218
138454537
176402058
23079943
4031544
60848840
67794591
9541213
162564087
74481765
12680130
101363139
203222330
178825776
227522024
14697537
59386542
76769616
65843951
65310099
8810855
52901654
80870976
57045412
95491342
49263264
110448156
224900523
157985584
206106913
8022003
185061071
149810241
206811229
31578589
146830993
108712006
107552003
142902742
27374250
218142749
126716674
64138190
148847948
171824499
98696794
82862186
18816019
223335662
58179375
180422056
35949594
67751672
79833671
91171683
227734222
175234778
132024235
175239686
180062895
2291901
154223226
74866188
212091149
169294819
89893434
92594361
142722740
153921375
8808439
115349557
192215902
25520064
178027709
52168559
4537353
150524282
128722407
54135327
168475527
142697284
6212577
162518611
119569950
201961354
11536734
141548943
56892450
213592600
85009907
158564394
83868075
131434819
17742729
80959211
165657261
36638245
58398714
180178870
29817992
136700036
124613766
74176884
167957838
229784501
75844416
96564417
29820838
166211568
150820268
6051991
67291759
185096174
93491148
123735099
27461545
59812091
54329005
12697714
162637969
63019995
117937489
42453347
13077159
197506334
188681814
175482474
110872941
144203647
215392454
208822392
9233132
37007730
116261186
96340073
192697870
210001407
151535132
56837175
113051086
95881934
44557454
64471869
41972929
160657573
82444078
113555216
82639027
110514346
177067304
85665323
29045543
197587435
7910242
82408179
47020813
12452990
71077565
135380295
145245990
34230304
5542281
219244140
172189210
161857125
36040651
156164976
189997378
138023481
196468338
108566730
194337453
13347647
81966976
40416007
166333722
43548830
168251374
153195417
57648106
139535859
6294902
24786900
124005662
114561985
24937836
222631936
103966155
190500480
12191803
69438224
109050257
25791282
142802254
197484198
150315488
18573466
75801114
20475689
153915617
223932271
133952348
102223878
40682074
148968354
88708152
167999945
203835698
207840280
131445232
54548706
127426150
152519236
59549047
24653479
222870596
102743452
124064355
142579967
63261839
215244754
87427569
88738142
636171
229077282
71578386
225965793
89672599
92615942
161901541
137896605
140952566
65916276
140734605
23575366
13854817
139139744
35687327
130177987
69140804
42698355
139527925
166524814
202974846
60998336
173651137
209094085
80928301
164454696
123797178
159918670
182550066
109404427
56858161
37432669
37114379
38878646
148318644
104020053
130457720
141119615
188145986
183100824
9923774
224403672
124654621
5887620
137409924
60788852
63749196
90853097
164812724
73517597
131341392
189892148
6201372
23216060
101350497
155441241
196920102
41979802
154266175
103448279
132496203
10437400
207586725
133073211
117414536
27421246
32197333
52425637
139499757
214445071
132787185
205905283
128782716
150527023
115634177
81392694
189055979
150735408
160156295
95850706
163029857
218283025
91373691
116205305
15383841
70504245
166986350
17273749
119774869
137666627
68988839
127097278
33520462
191894368
154562341
149498952
180621358
172192135
98801101
202899692
82515945
9939961
9836811
100445367
141824085
85569445
62610074
22482216
57232863
177317484
116459584
213655148
117766968
57407581
83559674
7865542
40246198
122948773
193738679
223063265
14474462
36580339
64655832
179824382
177123423
10553891
153959633
149945078
175036497
184011144
197296983
203653304
199364764
47822237
164428470
11469528
14134188
40596214
124930160
23265132
131241912
179975247
44060345
102993633
110183914
46806749
134082951
128656281
118630515
157589966
92815378
104412143
75750834
105779627
91733005
44645363
225553400
48592997
114305733
26034868
31488511
147049296
220826809
62788746
134695745
78556232
218674641
19176294
34979088
190169390
217411827
121281293
23041357
9201426
7526563
33436266
40829327
52555216
18985208
134678612
69024185
94983160
176127306
193977011
85172708
225832961
165453187
37645239
68992598
19025221
124405359
166785005
1767062
92287041
76031730
140180956
144455133
5746636
32590694
184076953
211067212
80232676
182441855
7153148
21564585
207089987
86374451
164193950
146347091
126758356
134020442
2266123
63555579
181750701
91161106
27152942
178470504
212825897
145624254
57522331
100480771
70076611
151053246
1708069
65048742
64282416
86739636
191918023
227981103
124214825
78348597
167250255
68712310
96813118
8786742
160346191
183440774
156215104
219533631
230215764
58031838
45311039
136463771
33649524
101852678
37581472
161063152
119007181
37614752
197231617
230541930
161629684
68439912
209252905
206299068
60943925
99293866
195221914
163857959
12643514
205993715
47478245
135090583
196900324
94073575
81917485
167636238
189341963
52554880
44811816
75671095
57373848
34188323
195313309
167899417
73214338
28769044
164069919
33299492
171777197
220536507
21105212
187566803
134235056
80385414
190314497
164716097
143450588
88084088
86561646
46777489
112140515
117919677
32448523
106968632
37901795
25636747
58241733
131241926
137378817
207893651
59737737
93966866
56300300
190549459
150960357
148752897
73333203
123890213
37083626
162321131
17281561
102700308
46276197
968400
178446249
6208929
110577005
131975535
162906653
129775121
211784556
79718711
19907637
92982667
95317317
194943764
167093152
210011823
181691540
65910396
138029999
144978936
129295803
126204913
11825503
158990439
99974869
104999255
11447576
150753743
210433713
86761732
171788844
223109496
60928932
167984667
111294608
460113
16680606
26807150
152734563
213941264
166386384
12495159
188142519
24876856
47227639
186640474
122626027
215648569
37489318
28853957
171898182
13649839
212376710
67057471
22209926
49169348
90913725
62378797
225623495
188147333
96207723
30988812
154720402
11365343
168893953
169292741
22080893
196320645
210785909
47957162
195998909
63662733
31503951
48640328
193417725
93778286
219287712
112171868
52938393
130292762
30620955
168604135
115094377
18179432
157740375
224953707
186693220
181590073
35569496
45199964
143728249
30749834
12302789
223850590
11177324
161220189
217492358
80371765
202688350
130141000
191112287
142621484
162224029
2563852
65415123
157624863
146526409
211986922
95881763
86101365
74699256
142759521
110250828
62158616
119583885
17004249
208716765
161429434
172117747
158372421
166828868
19635848
85030808
207650014
27747430
173414461
229143621
55119078
29905350
208428644
95471108
207278974
96908742
149243230
213374757
159804049
23191296
66839240
96501982
68085353
127128307
56102945
229214127
151514817
19495672
29493911
187163727
217043380
106691597
160050541
38414748
189252941
131301515
178529294
164221747
118032009
101657272
215587290
57011496
138063796
205155286
14732803
190969899
170479305
197045946
19282059
119365302
183219109
196754673
190915447
206807998
23980841
101041719
124472502
50942558
64569774
184506450
225859883
128596906
163312897
72395878
218979733
174685585
3577542
128298567
120133928
209559002
47898632
221249288
47165588
149766359
199982424
188920417
227102423
204572549
