2226423507412
19267125235773
1456520584467
13003500110084
8025372946864
17118741976182
10896579013303
4829387111709
8593730706578
19391107264582
15258753532597
7307777812463
6827353969199
1298763092940
10189411849418
13958941674887
17104333286928
6201945801950
1772020356412
18738440747499
8565953642534
4155379527699
16358410666033
18629537021782
18098116583782
9866302442643
4284726082759
12586505546628
6862223860116
14107989652203
13148971812399
19973630153461
13823833007715
15359597960237
19669314283523
5902554484135
10073391876636
5884026648610
16509582731293
20335427401766
2028633120953
2035550833169
7255891787342
14357729779547
4721218932732
14806493529091
19922364003
17481101090784
270381230374
14383719884379
3835133129013
19804910118921
3351794792901
8491494687902
16707294652196
19748291025466
14284259134131
8168915260279
5153600019171
2596097130416
7862624152364
8645890138378
16538892529180
19715365808323
16804581010151
6006825232807
2221783368202
15528137556550
1076082782548
2362367844265
18947563078272
10257494925860
520873514794
1406098607281
13048658583688
5398039339647
7659051563625
3995489087873
11482551954015
1571374165902
7047057009979
2357847725780
14231669474446
5472465071096
10098421322693
8831000343331
17111823723895
19992092981801
13962993637713
8160851192656
3456743907308
2207159580467
12037859088087
2808731928487
10980650106290
8495249729560
4210752677193
345760041412
15008974347982
4479983660808
8848666880113
9952972870059
8990686877258
20464942347801
5241565336649
18036510455014
20749951355015
7716851309693
14274137493358
18988334827278
19023210932617
14360890753947
17362375641603
16493908756554
6949022325535
2668580532700
19524946006562
15959005688515
1818004657560
4664804085291
923302296969
5887546639621
5032671181726
19213310496738
9381961753495
4477887368283
17833458160626
8118149432702
12426133882157
16521854742890
6233255570941
2726135908072
2673226969152
9054160773463
19414276456848
13421371466227
10972801760882
7541371909989
19128788025224
6874079441303
3554899607757
8460136429733
19580676345935
8489941677998
9763900584809
11261863770869
4182664722032
10879823763862
3620443380456
19827461747701
14122592369816
459524650711
5124971888411
3312888106244
3754910159171
11493921056644
20474017217525
12611844523942
1757287007355
5345789500143
12546973534689
13170249617945
9541900726494
20629603697750
16838192570579
15614971809482
17787784784211
14517876848537
16145163096978
7337053376684
17450621044239
7943929992337
10894580521555
14873914442238
17276615029628
2502971738469
14586210499935
12616287877878
5209100488755
825180176944
13370849419320
13101892934495
13122362097168
652589014177
10569812509186
4996984438987
16145954206530
15996040806026
19024166790698
19802588277230
13623136589757
18170586944975
8406458490034
16821383260065
8996092605698
1908113473686
14224135218618
18412446886705
20581557707459
3875599078508
15381720152355
19860570123379
3009348097052
13430004126939
8430556905218
15951139286610
14373342834203
17376863684760
20939118948607
5311791327804
7333318377381
529501934680
7141757676712
12424348722135
4745845583566
4492358372686
14974689744322
1189861542181
896693172785
6254554499752
6023054424273
6113411800741
7964735207343
14908140516760
13660940686221
6079806193788
16755067054653
17658402538166
1083868151688
8107531104836
10600208853527
8930261254077
289323161165
3134374392694
2539527866714
7255272166069
12319382178283
3650882259005
16169737580192
18344177268883
14800279260191
5177684455494
3505692009331
15770196288910
6280839997365
18735581945388
19126350377238
10558050938888
20794542557409
20803042547057
9259917261753
5116510251826
8241512282668
17144300367627
6954413855037
10437740772924
5541601304111
18165612016964
7204805673573
3679490917819
18117267356242
10860219087911
12546076398485
11624259399966
4811174509294
7904517208889
4761237009431
2689003099883
19843372065208
16069544827509
14044293291148
16051698199266
18493797638287
3766519291532
16493886706300
5723568227017
17877026489168
16477547081964
18373479872447
10601478709478
16362111198669
7300155327812
18807596039041
7497989177825
12263194102167
3907194849971
2191994381224
18520528729585
5718723894496
5840882451736
9490665892110
11859507393159
12004222220573
14758237054114
16926682327759
1053604968532
19467242640571
13461375363758
20790389796227
9329992172791
10499421032234
10721354918709
8590552732704
3740496139714
5594358527218
15445519508974
169689390365
2982729894601
1396379362778
1607926713872
5493961795398
15084283490941
5785932796704
17744629650418
10892657658298
4427765428493
15165828593190
17091300159133
10935537808055
16473038589625
3019741258049
20569459355092
12604568924570
950257587558
17031387485740
1182091160605
7198359242492
656962572114
11964730759509
2870276337538
647325943531
8818928651468
14859212235950
9781434096391
11746557409396
18459013506992
14946684486914
8839237306625
13238288910226
7103252777597
13521316176163
5516327356100
9656216024563
10049324579900
9584721005736
11875270875817
357516447539
1206099805297
10266232259259
14443190005215
9033534960505
14094185474419
8255444723182
15498384640028
3072875388042
10354628977353
3065062848696
8985459925009
12770882569315
14462686359638
4290822167828
9998091799729
5969559735987
20896496266014
20610630097166
192374758120
6542245569592
20267103295326
4367777189422
2706172695350
6548345269960
16017008400476
12163397131976
7444263688568
20285246275610
14818815803796
17699345489752
509156015660
10100707862781
20260158053720
5265109277723
3120716948709
10358908325263
8650893416142
15700248938641
13353532534331
8137927270969
708199333975
11721296919078
20877517456374
9381640492309
18677357135681
5168160811635
17322471240322
3821421104814
4733674769646
13479257717196
9140250130035
3165746403757
1889010843372
20434880715290
17235645293746
19801989975785
17375710384444
4033742512042
9304391353917
9928483129280
10804157494198
12663294486722
17625890324881
20020373457314
11243260256213
2796010364344
9564600708006
10035704792326
973562404345
723904634773
1257577089528
7212822826979
10313868017224
8299348635268
4966622693011
4855365834157
16057479915892
19789445249458
8564889282826
10562062521212
17475771292788
16196402048347
17413457307480
14065906137967
5341200332690
7424823201377
482724003147
8081509205357
20909046625822
4445438973598
13032649202323
13885374929960
9224717489617
9412981893046
12738228837985
16163438718001
2718596614213
15479079377520
18151045217686
1058817339684
12451148505701
10248908966493
346939764207
13482956015966
11182939633760
8031888551033
3421485575946
8285471926934
2170116936366
16808110551884
16807597894221
20784736002015
5851643266779
8216689705340
6669805609192
6704954210321
5181232772030
7449749820403
5786036615326
6545904347771
13876260518700
4143746322613
588533419076
567239683838
9402401240008
19227676554353
17221749295562
1681953940592
16281709797346
18596632626137
16905896233723
16548857244438
841520011147
20227757026378
1007159879583
19237692849193
4881012580029
20474814738078
19861892437883
1291929790035
11311115388566
15158170234069
6383020553670
20185973698964
6147712982057
541865743027
4386639566828
2255700569584
20411312514944
14059211819568
9470230663145
18708881833023
15607133952504
19375185848240
18006616572174
3138386101269
3937679497193
19809280908002
1546171692914
1324533353219
309552845568
13799487826022
13002131925937
19984815106809
5101413696333
13030589656528
17089399841398
3602991925886
8937118346490
6683726322133
7446508648656
2341749293484
17166958459916
12148526920743
4645749183447
1163611120806
13781051989347
20024436708142
4002058646521
14926788375279
13651886117753
1020152347441
3914796214694
4312602516958
8924946513534
603004037656
10244593366322
14814550572919
6648673982466
19734080734243
8935499665960
8464599720875
14999037773272
6968635494792
11449977026975
5663016598423
20721451688777
1763264728489
14975137169878
16884461426556
20928532261623
1951513486098
10551074726040
1613121999381
18374919397215
489564381506
8947504809609
1559046780599
18484291037885
310237332430
4343147623046
17449770305726
14915752430221
14107698347409
15880377646346
12538395159845
6732038337370
7955026609085
3013319296465
6397172942832
4242233443591
8135078034185
18310290461976
14970961582168
771364947562
4708582611405
8908874791635
5024057504604
7195510166479
5813161698892
14608490851603
6436493613070
3745075315061
2130580861433
19248890093162
20228339554388
16233142870146
18511961658376
2063022070428
13601027322394
16882848402216
18570372338153
4454089931617
7314136403370
7089523635628
3978148636202
749243601129
8143314936462
4834010801042
805553311953
4774953364866
16295096517049
129199008920
2833652869270
15915752639327
12142416417954
1897720120135
14900100882148
17737129620460
16996062027066
4732791362286
15398046935882
3261195088626
11805700427901
19080923791534
14754034085345
1170617850110
16515495694204
12739975165068
199404177498
11913647979770
7130630805277
11317757706654
202119570466
14316678336607
16775475557054
10672584932717
20149407653035
3616806885855
16425229959771
9078374899911
1325627985058
4562484552075
10603694011903
6135260873383
14095211440440
10956893709027
12437229758666
8873123182419
6461192221768
13973596020949
20710019203629
6508771989554
11532803981997
16402896854056
5364069227008
1923863381190
2256867763459
3400973647744
10428819534235
19257093677926
3894135770046
2457048467320
10437068333693
8215748344254
10203690260417
17437702117463
16683355053334
13604230980694
9358252719319
16475765885211
6489899745350
18061638318337
18337518125527
10752042767658
7974734516452
18818865615258
19846929906252
2423639281757
3098650193537
1878323781829
20519249629111
9879730236072
12316459893071
10660916921019
6942896763798
13532871573356
2812875843015
17833978569848
5578197851995
4643539261229
15178608174033
621692920037
337571602708
66367415184
4814019405387
19552226711718
1721400849178
11378689068887
4226268671039
2452528908240
2079891837188
18730791538198
5517965884060
13802028388737
11412341926247
20288014707157
19925666821909
1233852914590
12824982453168
16884931320873
15668640148724
12654926411468
14375470011649
9939815721555
15666139150426
17718011651856
4549522571435
20072252207178
1978224661677
18358792732387
1394257279139
1973587635744
5719915797339
19564284654404
14944203665557
12774385216028
10617648710572
8282973461392
11797283717135
17530931745386
11325385761574
14958573449992
2516144648546
11462365151517
19724633163779
19219479448524
2598796745688
251534714234
18937934761726
13576660959890
19294302359870
14988024882434
9142458375669
7562532739945
12665139923228
13088635284939
13516688351237
12332889997758
14690020804160
8009749637458
8156601059457
2243155217786
16921266758029
13895420829523
8028505910307
4790229620393
3266476482570
7554490486714
19485852513351
6697813321728
18933212912346
3441275953466
12034615592707
18077427425292
5660619494682
19607629340213
6159112525801
554713266818
12742323096432
10691405744948
12483597605756
9646808950723
4890804621312
20860891166294
8495512825929
14224274424359
18269784645377
17844820995488
11271057123783
19076588164791
227211904882
5647267965399
1795690809926
14766818238614
15417247904730
5223104124400
21040691108765
17385056537018
7060793312153
15145594820159
10793944872547
12267907930895
12867349445575
6223559682179
4681310179904
13887267041138
13314446394018
7466857467069
2550502611389
10900109636768
6643076139071
19002530982550
242356700864
429892430088
7731834820619
3284160459600
18941292172712
14312819796767
8044486118007
11150904078346
6957278492904
10249319904077
14188017199443
94836425895
19535411305073
12566931708218
2220915161981
16706395422238
12973768633221
2335026640458
20673269961527
16900417113394
15355481593073
2409508130090
21018979689392
20895952269732
4089181219592
4949136775600
15044351412372
1409271555370
3374275998083
7820595265142
10123011477523
17919459164865
16092048966755
11054951200881
17902287336856
10817432689771
7095284359245
12874879176478
20440277959822
17847358524554
18764076882251
17331824370168
11714777959610
13889724981122
5858745295391
2849926127802
3520728266432
6340420463361
435655215914
11355402955448
6833635295750
12747394604997
19373691382740
11704886072788
4127304971837
3486387401883
11075630949680
17745808564664
15377892060349
13117842593006
1038768799535
7718095359729
8167160673120
13216252816803
18346116355733
3715845416266
2179541876852
10913487198323
8540015839511
10917528360508
11982559006531
12170721833497
1931936739465
11172060110679
9598874724427
2330038223077
981108514977
14584311456379
8907595310572
16769598109849
402954211998
10313374017453
7674429838777
14628365743374
19576383242987
17967209489908
3290879609111
14191356552979
9023378782692
6726307806912
2037057401963
6755654740555
7803802359330
7163522116291
2986332678602
8455521340436
10005795646053
19354121041919
18609704585630
10494099794282
5577822906725
10457805053256
9298128614069
15336145688079
3049082310686
18465501826104
13326881136987
9757657636767
19534481720349
11724358145965
11357669025389
11720435150253
20974945216589
2477711493091
13516360096045
11909816813470
15638394106613
1151567557958
11321109983836
4125862461174
12886819233413
15008917930617
7606907042130
12939782615619
20738546620884
203194916883
1033407198095
8519002281909
12994250699220
9743804076345
12371904395564
532681309482
13828845328881
3748600311889
2935008888480
12260236548525
9760467742877
7968570716476
5325155954710
15515690748925
17399008896566
18845173136520
14170977241228
20338533654946
10547388074759
20568178506925
13594020317260
11850532068190
953036492841
14799095042514
2304145442946
18774901609329
20699933830492
5612866914574
6278890473298
11310185870449
5438415551603
12231588711501
6008208587981
13333062898138
11641155982466
18172490825894
6500516831133
5541310386044
5101614892076
10969931569503
10540283956726
466373436380
17228294048650
7203464348820
15593955173701
18204394299206
15173613947390
1357812726944
18479225125853
18163439775175
11846900194231
20827091022937
16170368079145
10265979255628
7067590063184
20218048038985
13079721481871
17542665577294
7338331683356
7393729112749
19321724201098
12671040761339
515245693701
12031962547065
15529080481675
13597004386687
1199677342787
18208892255406
2610826390810
2272453198916
14539000180785
7567004373304
7050352725628
16208259112338
3772770286660
2665412220816
9348646877069
9632104901576
2665773564876
2257485512925
1201046657096
8871368409698
10149292060635
17547773937739
10539258647480
10588868940057
11805573417301
5155118909175
2761850036452
7411867896531
7586589890761
10068070885417
4868182177992
8949548223497
10380415932162
3296384557167
16572318730475
18213742962349
7510829408166
18767259033120
9879460736007
3477448641626
19348415949220
13132638191847
10067881332748
8974342073732
18585189151171
13212482956962
