15763868119531
19671074118179
17918308134971
19403739661076
20413593394189
18925078936201
15299630136808
4594667546163
20910797026520
5641181712690
15991528925305
10600671632162
16073447472919
20731784612278
18499583980285
6031134648363
12157322231738
17277245987050
15559483076069
8978017443214
12009029118440
3297207717243
4448986021115
3887390315671
14839904501204
10984928235050
20984272504246
5000703928897
15710183980727
5774592826222
14150369788799
4493476205729
17746778732544
11967053946176
19228163100902
11123681783803
16401719482828
440575080226
14442969157251
20577858875968
4735668674575
9339005236162
3470903635545
10036635479874
1427242347080
19018948454783
8342094608712
10306694630432
6789334612278
2503336662115
9713715586759
1646875818722
2233966712050
8551065786514
3579347618502
722221696488
10446325943039
7951595801719
6897684638217
10988935561597
4135939032725
15212207296557
2112139839783
6938161250258
20913448992643
17817038847789
7531598238859
9690593469364
20858470791341
20473327058511
18630336870937
18907836421394
13918175080524
4588372196631
3409551632785
20819705568953
18352203283395
2980315567468
17932768667562
17958111725144
15097145513477
19079427215917
16747833818054
5890177266142
18982776326744
1610762514573
548273670853
19093640761439
5606824449284
3190294878378
12275545429459
1251171122477
20655572292076
20505164502859
19941529479096
12105839504552
4568107582983
14149403648891
11652843286099
15297491670734
7541102911499
3665856673239
20201523862029
12655437915698
18571794024830
2666293373317
10196913242743
11752663649261
11817397010852
1373294038731
1356382035544
3015145583501
2158055497215
2541785580693
11733892023842
13771506755488
9988723352947
12849330922130
14476348800870
15519315394819
8508271213081
9808868373579
4246457939402
11678065798594
531474674806
6943798144003
10812612553560
528701998534
9338345510027
15993612537927
19979667588641
2893500344769
15925825302270
2717233817065
10410225124994
4805694946757
20747606749055
17483328542544
7641219967411
12987347438843
5315536806770
5834231124867
20469310758615
17808127685097
6407465899572
1556877036228
1984398794406
17692232899177
8370406316974
12467379580843
4659844713761
6911544235040
18697443497851
10314610880016
10901444657716
11805839561834
16263269072793
7666486567683
4109228493345
5443499422031
14761979928487
6050854592450
14947308197755
19722518322309
11792531914127
566864560493
17685959254812
15341411665676
18602031467442
12152153019991
18910724561955
15013206045197
269472822874
4913605606047
14163641667833
18248616904398
14605912462293
14178384276971
7520151016621
1468975425085
10711875980198
12861953022337
16344428060348
17798636996003
5834643398867
4781957456259
2328270454521
19492227347812
11636504938061
3033364102564
14679889114627
20261084157539
12043797850910
17077732064854
16508810221112
19202718256539
6395125818025
14558651928048
1775143236133
5762578471730
3686910789003
19408245150142
7821888920719
15156008328043
14146650219847
9595807593802
3847077393075
7497613085062
15591876824433
16024341721880
18872020560320
18830645067850
12498683048380
2183048474796
974985315296
15620672538172
7474373705164
17484254505923
812901056587
19477798952279
8393575386952
3651814859125
1878214141957
17081766956172
15003608763248
5906771523159
10002517658702
17936458791183
9080088983746
8113849311262
6466964743871
15320781075642
16613153875178
15101220665842
2562348148979
8508300601567
13969662872376
8449013990844
15525514510586
5974167441340
3698492285541
11014038689188
8250828986957
5971730091527
19979373854686
16272604895329
5289108336334
15514136208681
13491681110713
10038142113878
16957957913971
9388316007354
14553499612019
1851917971509
11979063123930
7939331657793
3723729734738
9299113463272
8298539986278
2608073421826
18468815408119
10902677067018
6560272631325
19823153257996
6634548120306
7934699490601
5651533345543
10239165844733
20327582282850
772734206554
17086297620465
15337991080574
4590167639502
12195121092552
4347501083690
4961553533090
1925443317983
8790267054804
4703085102501
6677322967598
5521200821397
7666522674946
3043056761837
2821892756843
16081300350627
3077426676983
3817450600773
15665095805805
14095988473754
1031155691305
11342535883605
8074672971264
20897868351473
3828223164695
13462269075481
14111432765920
776762105213
9419441959463
15678038261433
5671432341628
2803427301502
9503462886171
10974122088645
14279608852731
16527270845309
20284433938235
12411406172521
17376648650511
19874524764235
15869862946780
19797008744900
17641361660311
931474217094
11947390453114
6277555636903
10629301773472
11233883765967
16867694523667
19063248882121
398420756873
15742702971344
18744177399945
11499948011226
7417070591524
7150007912530
5603671336116
8699905050472
1056156611490
1950682557629
5528806557691
13289857281749
12752483802234
11628123701386
13703297340468
19010998195584
10117676300285
12966646430969
7509315132089
163018815133
11348621791741
14976384401261
7841880712281
15425558488601
3776905690068
4293612465471
7104105268797
4351137507716
3747202153672
17917809690707
18253888562643
11709063367322
8475403698321
8918837508788
11298781610013
9043185134539
13109215915488
14934627076452
16895198300144
2774751314363
6916862227222
2444891590037
17494251334198
189613648562
20653585282035
20791977490193
19273326303302
9468610679759
19273977434845
114304049697
17310681944984
1002192485517
7388118080607
9764175092400
9393949899392
17316062046325
10836786578679
10630692647465
14583834422557
15118932227150
19073836407377
2059160809217
7799210087863
1142418799361
3547459494795
5519146206141
6611854371862
17890251955783
1896742231136
3074976986671
4735452958351
11083926601480
20765497181593
9852937370292
3839804193081
13141670612197
15011086061250
8980904067578
18935129338989
9939285885995
18600949147732
18457548145997
4870654981308
20747681064422
20201156657954
11125498431331
6717075320960
20401208280350
6767698344564
13540181367358
1856063506445
3189724820012
4572089176137
5755528332449
15378825524499
6198560876336
2902407632075
20655469575425
12392064593104
10246452442814
12986911043103
20704337015251
11388916332544
6758097327220
7876540337129
5184205954730
13268426174034
1035066252836
424515163351
330397620655
15607857673605
12116747585193
15068880432250
18118054782069
17912102939984
19574026919284
15888757461570
17929038910059
2133280890746
9174172894433
2849816064684
13957265197469
7233897070969
6875520961570
3783193474129
12515160872901
13683642079989
19830153789360
19360097114940
707317523552
5588064037842
10060370485633
6178049460026
3474484944222
9877449685990
13749126853320
5330738944522
9007264745674
11536917116703
11165040361650
18435102558382
5253534961934
14072099222802
6849272239354
3328958305752
10597217069919
10269169345009
20792138074659
14042887334156
15480377725340
6167356062021
1433721608361
6592114582522
5928068123752
7954680613210
20172244247203
17910078303580
4719994745079
9795280090897
14062097351410
2638943999381
15082124584824
18224170146655
9513688279289
2036983464610
7908863812397
14029928862327
19800853170690
4554285799572
11516240863120
1457478796875
6549239839998
5324355116156
19298214093664
15552999502978
7866614573308
20828672766131
3312864488452
14133743063012
9780146064696
17343638868759
4164942833168
12275709946402
8141917318828
2225828505338
940586303057
8107730598798
6850466400829
11317265397989
6157646677145
7946886957518
13458275756679
13348476863413
14511254294881
3240445534274
4441640737991
15687277590882
18302300450359
4394694048394
6791688259839
13613695020676
6558944188861
10756519777271
6908081785499
14518838124408
11754670484619
4558675101261
14011245574960
7179043880638
15379777054055
493101059661
15992727643342
2044236751720
1004154254222
16974413328328
4349045339973
1854795257945
17048392640024
12642826382687
16832913833808
1713935285885
1702193037961
2593766479199
1090109230362
19275811751107
1438331369696
826818840903
9933426572215
11686435542184
19129803522833
7965158803942
8799903773128
3337582531376
18056765476139
11204780587163
2750307230691
1787646653815
12844008616033
19998020779165
20651556141713
7660553391800
942814870073
4057779140348
3894413599553
8721768644553
14606785836587
13113319271174
12323292190530
7790826843707
9055138541785
12896162549820
20253821205883
17863436773113
14299337701516
18019092888475
12340697732824
13599566310889
12476961255056
16587604773566
15389875937910
14056231875928
19602053509085
8610173238589
3956439396623
19103474094311
9569236182509
2713120449995
569465992159
4299468305997
17921210880303
19406625681938
19445495990546
2404769918213
253026868022
20068083849086
16478605093384
20784241753957
1585848255430
12443035148118
11256877028220
7900744158959
6283958596801
17293907450239
9954634303319
7997280915853
12462913162666
19452436493447
5329217720612
17504602463762
6623979794446
16738957096018
6097431537170
11877702609088
8780960183880
12190470564279
16400020397856
737591445327
15249255857940
13354298062306
17015943159191
5436820559008
12715485961266
9054836797278
8706279389524
13311673906097
12620436582437
13036606051829
11277255799289
9949853945768
1384583316943
18457102839411
1355586855860
13552628631302
13337977295603
2849238752572
2725308345469
6646502562151
7847130749215
551279446642
2250754095933
13500856355172
19046333063823
15830430133253
15215847536599
19674721101533
4995256522559
2412250417671
20650159984124
3500394659900
20363270046059
6106747107127
14055813720164
12609096067354
6206989606611
12649815299697
11047456429427
11445190900612
7661793242692
5792395835507
20821801364400
877706895478
4766862945275
781013070532
13897324293931
4283170264058
14567268733063
13927622824756
20666386871292
1792822050254
8282581899598
19701712250093
14808509954261
11685759836481
16698565171458
16237934229815
1326059879666
15194021460498
551817357802
18063105551992
9742657657875
15324124645950
14788811498227
16142559140621
17343100032372
5632860254915
17437634324491
5646413881867
15021829706277
11895853342715
13562417810690
8461533403784
5453916410461
15851973159228
16072801016118
15590311538665
3836382814633
15664690105664
19725697733805
9338910789018
19762748582410
18295998848720
8055762511192
8910989076785
20775868866240
847955936692
14278340453099
1146161673534
15950540755425
14845348859600
844144654806
2098824331295
3501702691580
4675850921159
3647519889053
18082957258089
14430860222913
1134662043514
4600316201333
10772903045043
4657774922735
14537822883523
821065562432
1611586376727
13523220753289
17562181415412
12796489496525
11912870514233
6605548364158
11029063241614
16843084293308
20434659513265
5235474710173
16266254494504
3891499473994
14460630293866
9955963665658
15137291683631
11386338815252
2281467150473
12431380965301
844180042143
19802259289892
395735479296
193836895417
18697403462313
6432625333029
20487312991232
10116291062354
11767018583352
14852349013806
15774180814229
15214372081146
16144624029383
8626326494552
6981394565610
10268620148752
15532394020095
531917577756
2229788916102
5227798782989
11796871396009
17766263537198
14123204233153
14513444062369
19829564979462
18639883332883
7383854487535
3680450291485
6667142715590
9298318920400
3514947166098
1528212357500
16262378840097
2018087279601
7573379908659
3529903581632
9855163220778
14156689036918
16861845533977
5774592650504
14400812195163
14422855099782
70761905984
13217422332328
19831451975760
10441348231636
4251669931581
6313196573955
11259268122602
4587559699355
3640183774498
6979753153676
924702206715
9578525850910
19873910927180
6152548616177
14605394794523
19549652538257
13713325580392
41029801711
11117176032122
18251175981854
20481928214184
4420552787812
11901166007677
15769515660775
19637667783331
8434467933937
1224461683328
20559469776260
18865038677657
13966622693561
8067237964773
1119412829516
15889296248936
1560613455672
5159563294278
16049434462022
10446774238145
15792867481962
9283807224300
18561685363668
19773455540197
240810327109
19435527098962
973716313685
5013456798903
16056390327832
8014871431510
20356426754595
4695615859685
6191855079310
7698929012095
7212636432058
19530940064149
19334625373019
10869919122773
17339507265076
3274076207009
19066865359111
13645843890734
15687235814491
848241019862
13585043396230
20960247195985
8304449589632
20779575459560
18141856798251
411365082827
18574193684875
5377771927515
18681709954132
4310530266018
4454423046105
6322416876555
19947827053894
17666989681483
10595459256099
11711318340550
18137370648589
15279567939406
15545046655470
2481159273745
17150236729294
17015519457520
7127090207020
7301442132631
7611282162941
19966281279841
13471276597399
14124543899221
15005852861570
14492740327374
20890417541488
13992643028156
16085558319042
13285667948211
19574834969322
12017824794874
11068384747005
7269395466897
8159332945378
20372437598926
4491338268374
17231798531480
12059807444981
12819486205660
12179679706362
18659183876177
11968848539049
2583844091930
20180779536758
2552720244955
12536932252101
13135397540240
4865479978985
15644925216618
5690834332259
9964691936075
2997653383375
9995050390220
12215378104473
4581782754767
19038217659844
10875108568318
4964655847899
14539601685108
19883716106256
6762170996336
11670654078700
13503010123950
11119709956180
18266377071426
6943574588552
20174077755440
9971361698680
3077035270787
18436427573955
7451548736190
7978450852337
2528327503199
19533924759498
2697877223789
7302791585039
14082457262877
7474042166087
3573152809021
3547804681871
7745434249035
15205201051013
15109236261090
20268260929779
12977039371560
20433245801058
9992451540900
7755992709279
3974945235922
3157165930284
19653476672592
6952292678530
1632998246253
14930043152321
9194352664998
11631721780549
20156740484986
7318208505434
241502946970
9897463896113
13379980491955
19096739341628
19592419674705
19705866035393
19084141085011
5284964003441
7468350580665
4786135122464
9747456183416
16330602740837
12403312797806
6791124996327
2243577689106
6632488013214
3249089480069
19275101534355
9435855054478
18727920916382
20046116971853
15591765665941
5601034258740
12308894319113
5458439461384
17606027879387
16950698644235
10185967323349
9667048679193
20512169058043
11244649082122
20512031228635
18741187412563
17096961938111
4266968518035
2502572872956
20312779650260
2289821626302
1799145522944
11369166161567
12417967583936
784439047544
12752013901576
18582221655887
4199483345005
14900772730330
17374243217459
4053048188998
18932176607987
19920602427628
7503872433160
18022552610236
11892338368375
5292308698006
17489526766306
17355518582672
15742944153677
18925789223093
17699829268483
8827366301841
4216558420109
7735269157071
15020605783270
672885050801
18370017566452
12534640750390
9378719593451
8749565725475
17752559864596
13543387853984
15129021969652
8879354713711
11448384300334
10900652978185
15354575418783
4668011587658
5425983839384
149963268220
10031043361228
798481701894
12545714733439
6104580159931
19688162407238
4773272566746
954252447287
18277202769125
20790041462285
15836927431420
18709072890558
671392299562
19787784079767
1186266111707
15767716226442
7211771799428
940912034743
2366595819108
19648677849192
18165667911907
17255559669508
19003348864058
4745820081067
255890023926
2386442247087
18851961745359
4414590933105
88266717401
2421979210752
17859873458808
10526258182193
20494002859274
10546435092764
2975186477351
12780232469213
6855527245166
2918583515472
16085924752740
9601294279131
1317316044467
15226389306818
15153443362168
9341142433083
9359089940955
7396553447117
2773407737267
13370865964239
13747749664924
809693134207
1237634539128
953638082971
20057965636588
19539760484953
14809402441307
12880857615464
13090428681192
16199485695005
17932658187945
19345597245368
13905376329757
5545762553537
4720520580932
2736953074512
227076627301
6252787229845
4000324913515
6361446036376
19528731378424
3313724182591
4856995911779
7831362335974
5581874528382
14646599369126
3145337095326
4045650915680
10968087644478
2811147506096
7138500718521
14031560966396
7774041312296
17423913520265
19990139511415
20831837506346
19023967939065
12261009004417
6189154223811
19638615008407
8299916700359
9189186688929
2245746887268
14213863157037
12301381313424
14500926303343
4970335080588
15371347744059
8101956794581
2218002445145
7701434950170
13305849899296
5887042887556
3815699713716
2401505635727
10166723790450
15506707770073
18757859920599
10383361702223
7088522536931
5234541913858
7828789930223
8386610432774
4704485762007
866638693235
1764131147584
16132223285897
60714680923
15515257729458
4568903917769
12394280540943
17988456532508
12707826471314
4164688261736
13939534783712
16381010300562
6018227747871
10927613140658
16797143708122
404212589095
6585692035043
16278832348310
13278458755813
3276844098798
2538183676012
9759516866198
3479101176589
17000540399655
14459423813280
13772997797403
10772889119099
626383450723
10233552846784
14875755207921
7041818079041
6075034918946
15613737485428
10825966331522
3250531480465
9704362020298
13014855842912
150106522236
7390428095598
9146229667339
17684355515548
10459538742199
3403352281961
7970671214257
14465547318782
8735792148423
20299907572331
254262463859
12296544505812
16950865570150
13666308673850
9329640683297
1013956180515
2691365676208
18469446135057
729383901745
15905333339097
4394325789391
9042605694543
17495440783638
7397266541081
13896439485839
12189675116955
20794734778610
5547903664569
14844510123588
18318976910274
557625518743
18790609490903
7959022308176
11976712016227
9466569099607
4056434391607
7244788139954
19242539517642
8288978429292
2046527909050
777346179976
18226834045758
20436978004864
3254224699022
14737098943394
13780309110950
3752094159552
7144366955200
13244948563250
14343794372431
2917787822457
15703261565177
6432008054076
5260674489555
5150248983726
1802926082400
232320863975
18761677217326
3952463667608
14839920001147
2107015272075
17731326604852
12681174634297
10782196811974
11343916811493
19684025763310
10201620428936
7963251892123
19890778264045
15660135402064
5150928358440
19704958195381
19397679493446
131800476534
13757665427939
8278137346670
12651894660910
2888555107989
6586003220112
5439994076085
8697332568671
1341554316680
17247304126908
11935205185022
15873139768185
10435412637348
6452918771556
13510348284116
4502742680982
12175824369908
12755851519200
14149684732723
12524510381191
8724982538346
8016366087575
826108300725
13384834831483
8748816523476
6179659475168
17033746309500
12701666832965
19996095232767
6447948075273
16877971199549
3995256398245
17539009535300
6175826284724
17842485558709
11925200027609
3036096825787
19403868880019
17175332182408
1616610219931
14872621510974
998059890014
8774935579362
1766198845856
598571604737
1734349334181
15131600231515
4625325825919
9428991610987
4830425346756
4035326324859
2982814224630
9475002125031
14011754347891
9492157208414
7779229319437
20796511184535
2292302734492
14448098354518
18825798854207
6971683707203
12928412871327
8159812278759
11215753604580
16129033424950
15144906858118
15832192858932
12695108154570
7688933748441
9905405693648
15325021935714
6266045225229
13501770916444
18745054809813
9769078110411
8736574706612
19121403765658
1382434184812
5495920952334
10510494733447
5610068294585
20476100301357
4192074478097
8530664629094
17449951978373
1760977043829
7251542869942
15506160031009
13016655792212
17108988909011
1238159171993
14864789001437
9199566575337
16807459937390
4552744985130
7098236796262
20989834921395
17225570688600
17230740158334
2793954647195
2034193974739
18164374306728
13615347232307
20137437109033
12267607776658
11430426225647
10078836582001
512541560647
935080438932
4380287902221
15438843982108
3895732922356
1286368416967
20196563546952
11652688729467
14122186261975
5315013963641
8620422850593
14686185734422
18372619770384
1794881246169
15523935366688
12297408878914
913093346488
7930691886366
13112841155580
13679658132746
8827224143015
3963634623735
20780004328418
17217728850241
10498166908117
16166796559874
2947184154978
18909774686587
8708953137728
20313375075058
2725412495378
5803698049322
5448412124255
1564152373780
16405180322648
10163230741144
19475658518296
14203856953223
8575317699069
7914911327230
14793807987933
8467320057936
11722759013491
6800274724414
1830039217514
6802593089466
18272069741326
5861199888790
13890002328689
20795256299426
20962433257306
960535680674
7148650083123
3912453242271
19945023621293
9635590343898
16636709068556
20135435887950
16884904118239
20239956849115
20851252338045
18196584658862
15678453309034
6952172354323
4518083788799
15581549823162
16133708151058
8383196397998
7487392687508
17647156124844
19428126549793
17373748552949
10855230581589
16418252789621
12343847488566
14074198065342
6925927350166
17602014136692
5781219555607
20457417568190
4045843650401
6158400624085
18075336169482
4458644482273
12402903079932
16157887660378
7427990174030
11176284724472
14802731548776
3202309298917
14862121682385
9747079804056
8598151788687
10314965844379
4923131216340
9283309327960
3304740183366
14165364132937
20356261998170
1027905509230
5010458002671
4728554914936
3119901982340
10212279338054
15376933499773
5420799979359
4297983477024
4656182910819
5393897493144
2386150855781
8628536695282
4101461338686
16206617733281
18150371423320
2679631303960
988866674623
19680308759719
3945824343495
4945588366754
2376257171919
4903174409186
15842971947646
684548046809
16866316244025
14614899218311
12348890796131
4949868430116
5454108147798
480801056734
10449984400776
7313145872168
15941440086117
8550222339016
1596859442910
2813284408002
19769547688598
6481109131729
2224992176181
16011220332639
10551273671318
7536154735377
10996043368030
8576970570890
7593566690269
14086222541849
18796411311672
4799338877918
18553559037450
10183662539641
5923087667028
14588915458245
763523573216
4638060703748
16745090367037
14470518465103
1811789220211
15420562446754
8955016916035
4371551886191
18943757736460
7173296624894
15362160711836
13724138375344
18645486747802
5912781417671
19950777950843
1758060601438
9550402684274
18402692638178
5686346439676
8943636553706
11781306218495
2198308436997
19275176911108
13999370945588
19525145907197
16686378251137
288620908384
2064943670365
13715749195162
4036639914979
2187311221120
13957670447840
838646001079
11781922738547
16798623101962
3953255984329
6399278112394
2443298688501
13055099779663
10000593297196
1986642769336
14628087661223
19915728051439
17328576464061
19991209372979
16010610546462
8688379957254
4014256386978
16857401987096
15700879206090
16867663780550
3492333261085
12118968627215
3352005812479
13894883507058
3742449486200
8956755165696
13274741578990
12254269759577
16365096479503
18636959250716
11378887050797
16762457578182
17472298160233
18270831809060
16875925073358
8928064911942
4151035737176
19788058638786
12223847765953
19899321426859
13957311196933
16735460015712
17115597684566
18578227186723
14120141192627
13557287434917
2285243099792
16123677762642
13874616340715
12718094522591
13412809609238
20492277946467
3441747090321
4473006436368
14866628186787
15970823002146
8934255454768
12227100356466
501759255532
3042234435059
15702488250252
11983921838463
4435132942640
20565987649269
18097331840491
1014061834308
16460755472172
4395713763523
3837443391912
15509930482491
10451092055730
5075274493923
4654366685836
10509993925068
13294612058114
16460996879917
18783691758143
1088479107464
14375821870499
16419561270134
6578250566169
6427219329713
20592101422583
10584593980254
12955330654873
1627503218961
20169495801781
2902492677778
14988062094612
16761840053048
14130931884117
14691694408159
20847677379066
19092476951546
12611438898426
4574052739451
19216759385108
14215817806872
17720078776751
12748008614481
18382190087067
15750055819325
8444497159164
17884039043114
17000994321619
15762518916336
16037335827909
17400535718216
9596452736345
4033603605222
6756774662041
11726259923511
14572986963930
92204423836
18714658558426
3890591943287
17966581751463
20906626470618
14555650554684
1040304405887
4667703896068
4260274500868
17409403197782
5514405084495
18110870598457
9010339739955
5944107498304
9922350854425
9075158697208
14396676353028
17536255212999
8831268152275
16953256365372
1959146518811
13577895647019
232312390864
7107162156000
11836527683770
13032534915434
4181408575393
19995937532446
8213971722625
8181843245462
11604041982050
6847460495993
14684792825314
6835781360730
19836738248262
13442304692049
15712605094854
10275954749916
863408712800
1045848887315
10412679200576
20868913978203
12801894172853
16237023397984
19518374244789
16415878819288
16939506579397
2726999533905
250394299952
15319786827595
1380725576943
17896872197605
15450250091353
6234940224190
8300310931301
2827681610965
9549643296438
6616836746004
11696564385176
6869988055055
11809960834275
19338490731976
19138062497259
20195944066959
3326536440385
9782512534453
18692114608460
18487106005508
9060000199160
14316839585447
14958280068660
145397166688
19133743830699
7157580555071
19332638458704
12928059260810
19702325343186
4284615374599
13995452596408
3409878072017
464839142051
18572014225018
17591806536820
3603249322465
18355807014079
579805155448
9174311333382
4147219226872
8730916608044
4890086457856
15460493519168
14770603431673
6183104734833
14065908619225
14321383863324
14882163115313
16990669764568
1873838357353
12054642416905
12974583325084
10408794471768
9575254925231
16254747312577
619949723560
17962995946684
12488924067182
6164672889749
13753226925272
360257264546
19831711162609
20208734175255
1694054929714
18511803603350
17454271253063
3693565134960
5120381185788
4184076461372
13505035588910
10675338931907
18520169280229
4906140189767
4462468786759
14309398015874
6087965272706
19580945166400
19849128770323
1149360481678
9966475745653
8735049515750
14514458639816
17549619128545
15480434906286
6553869855585
8061001555590
20249196334191
15381393735016
8170725734123
5642063276834
5604481134210
3610605456690
16863989190371
12211469192111
6300424581149
6720581524947
8604138180029
16475649407624
15337506226345
3331435744603
12365613631102
4367166922363
7146562899331
17750246358983
15537728894424
56901870667
14799624638339
13925954538704
1515008304754
4651326103403
7786940206577
744287806029
8645430940677
10578286516673
20533072772590
7649348881103
2934627402465
3606509933074
19767931541448
105847879353
11432529760864
15125338496568
18700132323667
15835616935025
9857334840774
749642055874
11587665684855
8283522244522
16436906113490
20907422092613
291802163781
16656047962042
20842140517743
3953452144054
922179528356
20936337171062
4037841799059
20199218737402
18257825903599
12583326297326
20791900403774
10785258153464
3686367404861
13790349810312
4791516787602
8108615395675
8458982157345
1378008065487
19747921096737
1181072546002
10365970688529
1031601222309
15370854023567
17264895715180
2081303897074
15185385997775
15947200005636
8710369715122
5279490543935
18535722262560
12551251335656
5849982374235
14143289459073
16143616778296
17297519754055
5860437538460
19661792247880
12224353484678
13277583244421
10634771978568
16396290625901
19146703128434
5453153216664
487162832293
1497015086962
17280299560695
7947362298050
12066652327225
5112037151433
6970577540296
2151255749637
9379875970546
12294032974778
2758407002145
9444033170184
14953625428401
15099105886801
8727855365051
3039862972518
5643808241707
19149319152679
14376709563393
9982280186672
20073818925672
2872803343313
13764790275700
9023815490135
14406355777347
5229029182667
17666626442697
5763367695693
17436144092133
9755359932265
16280289918835
2361382629306
12440176677284
9790514003334
9523013102041
8586993484748
919073549063
2179036150083
3316460800308
8032501982115
4489109607915
11327935957621
8042657237862
10661123473177
20862907938583
1717464756438
3022907008636
14628790373885
19099558275026
7039910445326
5083059980772
688681720788
6432537984039
18396869987299
5609507146251
1982400613930
5841489249190
4842147791342
17221739351463
7652273222197
6452029652266
20348831549819
1850980620148
14999491981803
10093264602996
1042534524286
11974490721585
10753811893579
7821213669386
3775989228453
16521482074577
169846291334
16680881570263
1253154886696
7201762209371
4342519542567
12154574975053
10607576193509
4876131823207
2004235096012
12471447895063
13136353281267
13687051444049
644590225726
5588738022423
8139298589985
9724127194844
10163893645603
9111920173435
8770007781943
4805298483816
17298734414952
16110410521109
661886646422
19017762149420
3706963391391
8386289378565
7736112341399
4249919659473
13848035173189
4898664167039
19677857083820
544331438586
3991052544061
10340861219780
12936456282494
3176292874194
11476304067522
7406811686960
18035123076581
10284341641215
5383371098597
11496876756435
14100668916570
4118252132512
21018997483703
14280359096517
15040330580621
19591247108838
13359647379171
2059843605403
13549859942233
16923737536005
10757838522311
12312724910444
11376044078869
10094294663365
14227500443348
664248193188
20156102980968
5489265786036
2684894704139
20595574517460
10663577318271
20180622013479
7549898640899
3079717565595
4972513103483
3371255082039
16209871209515
7451121219789
12140160034895
17702271854081
20139838712998
15078208348161
6177607405915
1194117463196
18125822496339
16135437079158
18909085899399
5505652992643
15135798067886
2664156006859
20889196918201
19316667371451
11319878454807
19324604620489
6048176227641
2254030589168
12980050430667
20835387375213
18805266486218
9613700761691
9800788240783
9159026372368
16216923767889
11969936338330
6574051341257
7436402274369
14035129344267
2251386300289
20606291864322
13393478258845
12987060942762
11684206555600
4661164323415
775536816049
1588225973388
15575275016943
7366748411471
1077772120504
18042379946866
1059791539825
17636993746214
2236027766429
16334300177609
13844145858417
1117249670149
5787025969429
13284095537582
3151420780192
19682777702307
3898081691826
11128254186312
18963868147842
8583006378965
4799606253892
8352259394477
2616320358711
2471662217073
3388217149618
13207014430629
10999862419330
16074155524754
15680981297625
14001056511489
4585242508102
15746004787336
7450735502900
907668234437
7670624988738
17383871041171
10340230334356
10795020283277
602640956204
219760748268
20756634677940
9367935851281
11227953067292
2892555424342
5119996915862
7877412399619
3848428082265
16543163599663
3844726643162
14789496114796
8117506149114
2848002540977
3257012566535
12549472312604
11775788575944
599612478558
20553615035208
13929583334668
5473476657812
3625201482554
20058203556835
7464977019267
4168781457309
17127402808999
7135915226222
20574468612475
15019195502524
5727022087095
16920306477422
20904984146715
13825381102886
18126403303726
12454355586186
9456619006635
11956644764128
15503371679411
15679261824495
20774518323838
8665427953526
3776306791032
12629657889390
7369832547726
11724942893212
934031467099
19025750633355
20467725961161
7828362021091
14952478385008
13271788687333
353883923244
9149077941029
13866061674563
4612452277652
16877960624667
18731582994635
9217087038854
10087497061066
17258411478283
9588191312947
6560515944439
5381593261550
113542773268
20967425295482
3162395219100
17106916083993
13831445713663
564591833774
16978139311021
5964735410919
1970418980026
16067309999152
14879893205367
17859541764462
11557899273836
18655040694539
15829366469039
8888799476576
9420685401282
17966646623834
16735378757911
5917046447810
6619730948576
9904849384552
1746916523689
10549170348725
12907320370871
20824206880554
19999991512734
12058248664913
910832149675
15431529725304
20083417421406
4936080605458
13188001484291
372940151925
11711816871249
9275826365489
8914068366794
11208779857531
11597943653734
16165879138993
16718848158426
9199349593903
13398538524067
20392531572925
4637790614026
3223415316249
17502983567150
7844240146203
14518002081077
10585615321645
7701966660653
6229346603429
19346823510897
2217693108615
11513099553766
19063440655831
5961395148237
13932497339584
453955662578
17713969767537
4460447591092
17442259123710
10936104093392
14291082259226
3844738416008
3134942466362
3095545963326
13726041333598
15745870430229
12623906288248
7002147655418
4607473589128
4116128632360
15120835587550
17588767902906
17517147046663
7685720264619
11299555236677
19428918798460
4853569144909
12774134398300
13637184072501
20573514902743
15186037059672
14204002253906
2207257810789
16659605098250
17642530356050
14379517303608
9986903966982
15579483779909
9328580963848
18884383358246
1952941931912
5172244027273
10183297761145
285850074509
18352386488305
15637731789212
20107241813621
7241841064957
12483175939388
9032128958357
18666882715274
7339061463901
19112612979809
18438554982500
10454650387656
9391522764423
5718952049474
6979351456096
20614116297092
16996744092854
8324597922678
619077787874
11991471566648
6877781626798
16076391938559
20755821827151
5643282440200
15115724744810
20618161727856
5922507006971
15372797071199
19313251369009
1247467072135
12102564129663
17074555009158
4950249007023
975803485717
10135700193768
15310895276880
4578057084903
3784257487540
14286055579816
4099604152086
12169856590842
15929440709077
13328569333309
16878164808204
12303974004548
8281288957841
8669790502112
123314892397
5481410660683
3806847011028
17690295147125
13253114456125
4808562292040
19447081151513
14130968951269
8625814257381
3053181085299
14685238494610
15758299798741
14088881286362
11734429386345
10909052864154
19287959766715
2783009542630
18196278493004
13620885396212
3847404044619
10356393699436
20701742597551
2564112715100
2493621348829
5364972139034
17339332279944
7124910557547
539074732511
7875107466754
7444114243211
17583693681500
19001477629669
4892738750070
15675096214577
2936128155083
2820046176996
291538280658
1746630964332
4235708813166
2538663638430
2550110254851
13118346871826
19534915003576
21011697120343
3002165286901
11134290889903
16957901356308
18849172015178
18177262729194
12175570131478
12526732238793
5996813991166
8283248453391
59223661375
1672452268898
17969945393335
18278131976024
19012810125376
3658151150471
6516577057158
19088330157298
9138480168018
12125159091206
3560512456060
13674510588519
15256219680651
9970028850392
13416496127191
18666503554077
237729498258
11710944429371
19126733438116
19137017001861
6927184653374
2962736038532
20313262911227
16470378080128
19677304044149
6668479575661
19265128052748
11274376577259
9170429223301
20974225177373
1426661721626
17640315875366
859540948324
3088695236252
5055558198372
6809916340298
6566944960769
4385316879206
12811361246408
7460864363147
2867791684454
1510977159340
2013784796558
7220537824529
15567430681077
20010986415780
458867314046
12161310385665
17008372903356
8675752336155
13355885186484
5268980223782
17482040810396
6254738117870
13606312854152
19561546305407
11852207943131
11319628712828
471397696057
719419660250
16482866344255
19613852176396
16030440289913
1029022272084
9904744707910
1544208043176
2282259164262
5822730249615
5091779106880
12477470991877
9728792272952
11155643948239
17683217486298
11181013179708
395776410580
18691304132126
4420477352719
7605515874757
15709555118730
20479267905664
7283161167065
11917023389024
20772937034839
16212887597141
11984883928704
14644339306345
9201305876325
4634391906857
531458454730
2652423477927
1301162155390
13550221650376
20254939280349
5726479550411
6179453872566
5348526253222
18384515558178
2259431917609
18057776682849
8038782144499
7890850861991
9106921709812
11165463983218
3296472037418
15801828056967
8845014542525
14080728698807
4474013260729
17996493298900
15756786213926
2522396843922
6275459277933
20330964001960
11659678929391
11816785000053
11206614341315
14457781072688
3222559411465
3124077198645
13949499656928
7534560960118
2819602412821
9059926624293
14861353033005
13271511667860
10468587003377
14044875011313
15425324680050
3321392937929
5115453102408
16962415288389
10357279639280
1564254854733
8990369817018
4357276392748
14371929220630
19188049081761
17593880056057
14829604079823
8416663839959
9637562204400
21037462355211
4600270376232
15565408745678
20491910177124
18569696574669
14622020709258
8473181540917
4689953809697
12865335666231
871360035358
6511931537865
14971216793239
7260840915795
18033171634530
20899544413401
14903886782392
19910356557986
1796703038168
20478022485186
13223756924647
12386790371042
8049724707553
1433874344341
16301222184474
12109842470360
16882506341139
2915275548532
15417678468705
14579367774942
1698630021159
11835068374470
2196084381215
13967468930422
18074039669642
6962421233173
11578457711646
19578797777380
1365040969520
5168801590207
18020298043897
11779459237274
14990729643206
20069003605529
18868634947744
16938784740194
4571178075754
10045802620643
20114873577940
665435591275
7482735393382
10456025478305
2738613055697
14511404535600
16426930071167
17606137945748
20310910688821
18696539904764
12934007537860
10370735987433
148114762361
6983569053477
13972334942981
5367006547559
18481117635189
3459262722259
4164010987989
10060714162035
15285130448371
7089222280022
9933030237925
3622167199123
969885690981
15431220596202
16930405190874
15582748788355
19650207993263
10202056681402
18307781765446
19652270061247
14570146589254
11417112706992
10825152631652
15703278455448
19750168237925
10431005690869
8602273052825
2738407008624
4679618959386
17851292757401
2291474271637
420906189269
12310737235596
497781450354
9515074813538
10693745145238
13457745486409
8367164780377
1336233324084
13128148617200
960553916152
12961511122099
8921966540844
14775713114692
4344284933407
6901247377745
20954038529016
5047357891554
7363282969125
19779895116276
15722164828306
1575537364200
3763166507892
4844183613540
18787934261362
10204498903567
13163027297973
9865057504676
910672536622
5936802410777
7805384613036
171217025900
1868113355373
1565714699284
20187656108833
11345322687596
18500271010787
15732840517541
1984797596572
5523086201672
1611863825681
3377549518361
14843483580752
1382737411762
7860635218335
18252641903312
7909570376218
12895454680902
9892591490563
6281504880925
9281758997185
10647477617273
17094933870191
11301371943554
3204296424319
6992461532138
4992324034304
9067512198100
3020053651832
3542501850819
17637580110563
19622034636100
17665525063994
1704654534075
16822013362578
9511851259412
15953685483978
19149290258082
14681479210414
14788875257038
8268492001501
1867590501135
13231783093156
12945988348715
16733564796256
15706265674406
12612784414986
17074590851912
7965492095337
8189157630384
20340090398584
9260437131764
12939423753459
11229262347867
8002435762322
14517071667203
19571490354341
6831701711008
18560260536873
2250931222888
16849350133067
7980267049976
8834734156708
10570891078145
20915575595979
533402833998
4642652185688
3099824378721
785618736247
10787945848403
11703683141273
15118281906940
2964830807883
2765573972700
13973081405123
6924780908159
14287287697078
9563601835532
15050323235760
12352078881333
20359781505699
5089853459425
13905189145248
18266455473720
18483024018631
11227361358720
7359325833702
17083699815894
17698904140215
8818003461619
13858639378863
12925822461175
7823382184162
11212202829561
6247481920522
14047867460737
9951069478098
858763708701
587348242370
5805751221371
5523228340750
7539636344625
12973271507326
18050204151265
20749565906987
10674536256788
6147054547983
2557688532504
9216433983717
20011392096049
9767776437312
16373392343896
18926741685073
15901047103337
859172279072
240821999839
296418677755
12239422773141
20632784394885
6760278674874
10134866168322
20539883813606
3739759882471
10360367464284
18915445356854
12348527368762
7483024726758
208216455780
14788241341986
1197587659912
11082209505249
15892243711263
3995470318683
12333680078474
10590765814831
3873975766557
10259815893531
12749637681601
10113026261841
13269079344380
18255962792651
18192381817182
16369164091468
8036448901093
13088531777372
11451916542172
6197848773040
11833827972075
13288269654017
20162641944257
10763237120408
16322829445169
13036343538306
14095633874247
12056555967696
593827756604
698916547401
13633054859265
5694988692442
20747605476542
20901776555368
16990039445103
8146785602943
15919669534394
19552797147810
9585940235830
3810147584945
16780362380151
12287619230584
13703098030754
9168792965641
10130988099636
13118137161789
17441314378736
18743911972547
7985734127141
4923996021598
9935331266833
14073561523831
15079475498643
19458597280934
20767099711848
1724699839658
18941068699989
14126264986864
4947772276591
5978374055696
15260191890383
19727268247464
17822809185418
19443735599994
8729552355499
6517484429428
13959474891094
16466966436801
4974694132555
4363144902702
8026612576993
17327215168415
6645198157685
20388437123741
608581355485
7347113266483
12370260222989
10123688737368
1561827318787
15755633216551
1485939668980
3550042875167
12554866010911
17898193932014
10377344190767
15842020255115
19431150288247
15552583867145
16909643252879
4358871949159
11644859080520
9953749362412
635259306425
1001983177268
9109285425322
116704139301
2762947899919
9444226963415
10648914642664
16120400643329
11167195643333
1874224395248
18744125977731
11985399680200
4091713379678
654857066172
19855438226242
19385232501329
17099630790929
12519761851252
16655671755107
11377350652214
6285620440362
4058935372922
20448239352242
17383398136327
12423834984163
12164565658773
4904572084289
16690077676514
1658373443356
335072501490
11660501401234
8476497116867
15355417853063
7466227037789
6958261836796
16259347722881
13041687179879
17550851280155
13878854162003
18630504171956
6712029527530
20358820802615
20087054184792
14408990358665
17102887810411
5503038753183
4031624290692
9737702291760
4546455185490
9333882332454
2720466829818
2715060559014
3951694273155
8137370122109
3585530122083
2233828976136
20386277733362
14338573008112
2901507996973
15413226002860
19410299183121
6791070330699
2220627134801
13336171161017
8385773432281
11207361740618
1845081946619
13457231588868
1618791821093
3820269253670
2586926854890
2733089390939
2529566214040
5336228972686
20075285801468
6749446765165
18670289497724
15110648759131
3086064162280
3967707255177
8628934280115
7979676939821
16123860487141
7682119316276
2184020865353
1975969790029
10780035050221
1257361276629
7111165965068
7232678301401
19778434687856
15461472282406
20875469703454
1594404328713
16970621124132
11073807860490
4576607364203
19497667316011
17957514682392
9556694995837
15333695871354
368933858225
8162543078583
1703320881790
3456306376234
9285970736765
5586216633016
10597666268571
14631408727401
3068266613744
7373488490643
9825284139141
5371890176498
20564440100921
14869495984451
10181875821936
17434893043411
17843716754986
31144209131
1769917833972
15781817670433
16791159805931
18098880250324
20966277586410
20081972811120
10298607902833
5039499001102
2650530762730
20026437304984
10648649934696
10483794777320
2120518723642
3192209525148
10380922869287
20058032270745
13076546374964
13701369493509
10144882634497
9819511943004
2000800658244
16330735110241
14740654987186
4812982486802
6140263993215
18986499359487
17017115626011
17151786592028
7230265354844
8716323314495
15470437853399
19454679086295
17536357263004
20432287179022
1803437398048
2183207043653
7049218207990
2171337360103
8083641486519
15021410254004
9881475554208
12518114696353
18733465094482
20407971135113
8642063044842
545492495071
4224995593043
10619464229021
4702852003452
12055160491268
16243797921196
14406607536069
12856937115944
13600018962621
12050868253614
16508455015164
6027907375403
17243681443721
6844005706546
15523672778934
15759673118286
16234595224725
3009670582253
19673098109018
19543681337940
1828205917799
17564779292175
9321546944749
2138111708197
12360480989408
18571108599774
12781474953810
1924876980270
17681891678978
17542043427799
18176943014010
18666798193209
20537031201122
18641886881938
15296936469085
3321358696546
7782867066436
9244806292037
6577462798493
9739178400142
16361907595673
12200529929738
9215859067487
20691189781543
13626156827518
15921565362025
8709337067515
142149776077
7717071066089
9374327719167
4273717068634
7647574894616
584266650741
10268517973925
283275671083
12420158421227
14137411625442
348125536604
8694003220956
5372668066756
2623358456385
15803335000206
18523963408456
11906056421328
20828250605108
4686699075389
2646467725250
3087580617168
14695745518361
14764655563584
1347473881843
18169547199157
14108276889420
3708874693940
2794761765354
10893925538642
8075065708040
19867959938865
10061936308379
16223714284433
2347596652293
4866857921004
13348522167288
11689073782569
10132046135638
18933590490509
6722568566679
3714082436560
16572996081217
17731560923922
8706117659176
18536573296307
13441518067404
3903210225123
3906201939880
18897381562051
7306841895134
15894297050201
19122089006382
1003877386001
3971933849822
19153211240917
4172088642538
16895865267055
11251940985495
13481375576734
958284420161
9869450600577
17589831874408
2529785827754
6213454219827
11911729581392
11765683039307
3230313278994
2614261646291
19284396650270
10507391811051
2599345583060
15228391590415
12654483041931
2452818150602
689266704701
18548891890369
8137227167403
16130272922228
2304323390022
15115638256951
9506432263641
14258628893427
12347774382942
8088946956560
2624103007649
17766073185373
14656012029455
5951678124461
21040658746455
2790138573761
15289121926703
14819093347413
12543617816725
6968017500527
5659041932941
16025941297776
5563130940268
2669993544897
4652519056377
8225533616503
17791207118761
18773644320273
10995359877415
9389786487555
6875176401836
13297762965544
1022520997474
187874124246
11969259715711
15275647666670
1070521512773
17214993150386
13043364284815
14796100315323
10198641809131
17536058917411
390762131875
17493837716642
1265031416891
8607119973739
8851843339191
5292005379353
13156470556848
9099361174573
6244374158597
9476723353410
14186039203020
1037517625488
4618117678622
11649000164749
16171236737155
15344821451624
17654497753908
3801935637878
3632293693163
16455559360375
19115936798121
11145026605963
597370630982
9166638182806
8074110671122
18200095248674
3842709118527
12252513715708
15248604632453
11486741519591
3829398396291
633082786805
12425154419464
13787797105929
13757789214706
17535830521492
6526598630720
16962551111816
3207950621101
2036256869065
10920600854182
17087543670749
2525276722567
1619622782076
9191790205867
15947470379721
18727283701637
20708297549262
10899526237029
18894656260898
15625562608061
4449354560956
15181563118665
15594780581172
16174642704651
6915754298861
14045694748552
9607456414217
8513674525532
13190306544939
7063907727677
17596654014170
9616108018887
15604244255146
13449990003772
8693149810560
18037125805844
6354539332389
14216691079473
2299446290837
863293511143
8298931201401
10413597760119
3272062423532
11105889377474
16574835515578
16590825785149
15940626699427
4972301561301
1634215438264
18372800477048
4035889845576
19695234857460
3665332039263
1895609871667
15076621291099
10339193671093
941534169977
18757663784086
14158514993410
17818812289141
12782027505130
6231658722194
6418968639281
17747171055478
13584334774677
5324571387808
8066661119199
5971967220086
7881309654013
8736023381766
2708350045570
13249599183642
15287284556271
18232011216697
8613398803880
14152423854435
13187511224983
6142741711416
1519203328437
13711880931724
18883048651091
15494896250343
19767365633323
3779562614381
14517147444401
15576062487544
16571163850357
4524536465179
8520834647295
20299572763138
17288282630372
18593312801086
6825721418407
13429435459937
10892210449656
2434387978287
15873085452171
15101730059098
2822798469995
7000056149408
4138501456999
20314583667843
10730878412737
9198249704750
7102321740034
16718535143885
18380733735006
4584886872378
19351162510620
1335349385522
14981622858933
13084309351314
16181248223001
18838063353258
8645349011913
20947097210290
17261352560394
11712966900232
5569870353230
20639149411353
10033041590485
1625430243106
18568814319387
10296019677593
11887580786020
11621754439970
7065625765274
10226586725839
2203457830557
17506405627272
9751243184159
17947193363633
1894696202828
19575551770578
4863536753403
8359442517310
7921653744482
20059036259375
16569979641557
16058306322446
13757197021260
13003132136408
1552744090904
13209346132429
3911761677714
6222943835305
17500408161563
6159050105329
4288793626634
20780080950429
10728679241322
13846135837604
7037948442198
4103366216894
3045781405164
19085264763559
8634107101726
17134009203885
19165103266134
18002354064487
18164895233266
14708659642097
14442605930107
4823775172696
12315733406178
1478027694788
13088679029451
2885392613522
9075385519708
14580789645023
13160695645863
5971461847344
8310184598524
3327178632988
593520670015
18783738573640
8974883235548
20208794602755
12285540657827
11433581641759
11936576317035
16253822658286
12610325140811
20070637022003
7169938279141
3953650674006
9309654454175
8221674074968
1329408805112
18123413299290
73873900814
15919588296491
6781838773141
1759460779360
19644305422261
9555709433567
7760801973581
16955040804407
15869740806927
11020550267085
20776526295500
253912743740
10709028135083
11186252711709
19342310616992
17724901116040
8165836578120
13393579205104
14215484213136
2572891238859
7730607671239
15211359337753
15719563502463
12168544201199
15218862681139
14802244597279
9633878087490
5173346735195
14243295188703
20647201951477
8965050807376
7550115606996
11420296748112
7757676834842
1826981212198
19189859057956
15957762955945
1385484652020
3529226039082
3068752560947
13638174261842
1606177957990
11926693917701
13100210682672
10550053501079
18856759229130
4134256506817
11599028399517
7577748961305
20574544329371
252750674166
4638998581495
12522191645117
3690309048945
16156039315776
5184433016555
17003776961612
6978568970871
6118068389098
2239816662633
13563057159198
19545307774435
10536001346925
899160602920
18923059861225
11898953153271
9845480706695
11868369745144
18407484388253
11891886819463
20650548376631
16820554232878
19192497921162
20352481797999
5558677584535
14233479610590
13649448208062
11459839933602
16447075161648
7945863670680
15758632542663
1433326479161
11754568261443
10042415881933
9056263953177
15843468981716
11789404669562
12399597098750
656237367124
11776351105251
10928450682187
8420766397564
15329743198969
10400856412516
16538671371494
5088051588800
9009991183408
19816242461406
16596949732983
22548801778
17704817157885
5646461627892
12176664046155
6899374308056
12259489872395
1380535385044
15030184573991
933071944881
7151624005373
709629435097
3462744163610
7357158382001
19513131078441
12003748854784
3988117708341
15492884783533
15134673427019
12260070541630
8066755592484
14821514417121
16106481013843
13745345683277
10749069434665
1085067489160
19511243692949
17337819081529
15656817313543
12928540533235
15234489397079
3468993870317
604244125628
1194653396125
13584467179665
2558356874945
3921416818229
14455893795663
10278207436985
2287308721904
10184307658318
20735859690839
1702198659423
14114669957167
14937654438221
21018561633659
2834259639512
8097797392071
18058839516212
18595053677778
14817604612314
19261277836576
11511225972588
9577470908562
13468214447090
2477952496322
10974547051211
12462214153192
17466994210064
14387937607232
13785067493533
15416002098506
15496916878393
14826408242113
17461266316973
19810484302733
17247803166499
11641354360181
132824866571
7209148310448
15666001105686
1867005602951
5363567180395
202091492714
1644654606273
4520477224733
18193428096180
18461928365263
20584566082331
11452878990638
2719438924419
12303663311889
14706015555989
9039709696303
7390497013408
7513472794937
5834780239394
13662833785147
13741909255197
11669643306811
20752575004266
12856658381151
8684386468194
5029723090324
5428086731630
14267911493579
10857955151088
13960812817081
20294877571384
9661658090250
1627715765629
7115249794488
13194539137595
11417922246760
5697124150349
12474976958021
20865004600058
15639259932431
1943360723698
5716363623503
1222227871663
11064681854554
20260516547728
4735109137128
17498583461961
15563862345115
16570440394730
5428004231713
18800239760437
6446788240690
10753308057840
5403929120388
8652814189442
6718733249130
17910992592583
7947912424798
6734899126780
10024280525801
4213541642861
12299480128130
9420993960894
17140221876986
16306024843904
16667306262934
11354181217827
15119456067285
12403476947450
1020421310918
20029247333817
2764687823674
18873031091899
3252910724421
9071569465084
9878086359693
11605452991747
12256779274517
12896355856579
14026154422676
2807204951152
2970383825846
11024572904386
1639842541769
8437775805210
11429777993206
158866281248
20757192655681
16722645809466
191285283549
13490726435052
16881905408897
1869319137023
13525428579817
20723610685891
2051289215829
8923801040938
15010631401918
2506300639594
254294177317
19688187899004
4743245544078
20755888984955
17199616509165
11145985246159
6036838580890
17577834769038
8539585849779
17794534001159
20641104669660
9284356745043
2745898213453
11664307011023
11008037309605
14624519144364
1418930320008
11979285507498
8986543034298
457310195833
12485987788749
11398309211216
13053235851951
4993224967470
13851799156766
116447970768
5284180802962
9607953913118
2079694362053
6008104384867
11967095354774
3780546751478
16345938498461
12741407971337
5041377891474
11235813927055
5591373249319
13755000755452
4807400420375
1686082672150
995469937789
10378935556026
15851578010270
14113989985712
1115402236680
2997337020292
17984685989048
56018344353
8215703127705
17968010248373
3804845245768
20612355956867
19938606266415
8002750322373
10955384658359
6909689914469
17812963248523
18228346995092
2536771397078
9067332248295
5586430183638
1990485668427
11491956241132
2133380282243
345910803877
13487842423671
4303044270194
4877776716334
12140280809006
5860875160775
2588081711418
16404796114291
5032145348050
20620429540691
15322542514906
1224481918360
14722275806121
2474551093535
17617679863214
14079003478389
6561621786791
17350936006241
977177036356
7868024563045
14324674396728
18258728837756
16605011697089
10803500441162
8058939774330
4071778017618
10786659278109
18602388757346
9412107189264
14568697338348
19235277956431
20431254135052
4720507432462
9482003833759
19864457132899
4991957983052
10569992327669
17544945775545
3735089987064
7771870610937
15595606679719
3061814203000
18162383254925
6673128279906
20408375743139
20728817748852
9211254574212
2676449024273
13727340812541
16696861048575
11326846890368
9573003637138
5845756894455
9313007592905
18487350802573
16149087617335
13388424367180
9780711757011
3244771870791
10025648128972
20671845240030
10662257194426
16199084937150
11049797962406
16882409393292
7360151869825
8379632193848
11673667146179
15983245180025
1827985509793
16209745999541
8719910556778
18697380576457
4537608423546
19739248498921
13768840827679
1690742143788
16642436742798
15619675407767
17358795753713
9304707025421
18415941798908
3596637917922
4019584603555
15899513532030
6149003178914
11149274966632
2294964849471
10386124205285
4051144413685
7871326349813
6850242469939
10188112419059
9171722797600
413415807367
10359629271036
8543226312498
16008736755019
12663577778720
2307671335460
2390016520033
18320643576469
8196444560111
16378745533918
10097535747777
11499982743598
17579304490203
20670123473571
8660760598776
17781130462685
14076639705102
4433186398825
14400494490061
12593020367773
483017670329
3582841082714
16750901707913
18263964108656
6400779259495
4180574113460
6443459680172
7329037728942
7953951275606
20469907936585
16580434972454
9140476858416
3166617704848
16059008932880
9244047672425
19838914827377
4133005462153
11283441407
1246029319533
7753935427101
178013817314
2297280384321
2242742657811
16247826086628
16757664235699
7275586293219
15133550740275
9248366777144
3723286234754
19054993647356
18005714624072
9455962107018
10557296730749
17428618671110
8259140891880
17159046550920
2299851482616
10199373600001
10308631045371
962030872859
17268370084407
6736767200147
5371873900981
3947466856286
14032233896492
8792383434122
12412550934848
6383951628884
15022843495254
5459308400985
3519686901131
7068656103690
5544695906157
20477521429547
13074354148206
3112114960534
15840132594454
14007502692058
15080412178598
11174392012358
16948455672948
16921496199749
13716682162001
14138521016976
13168936412320
7367563445838
314318766742
5775515131810
10872926037377
12977770898490
19319348154974
15819994966907
6349166399374
1987987678588
5655924203421
15447401511187
14892640384421
10724915593828
5928153222245
6028078522006
16768543555730
11480463603053
12076232545121
10218968687674
2113654592625
16337545742004
10021286795548
15088275270936
9607248598067
1314074228771
6068511673379
20521313948563
16056636747507
1240267415984
375445906856
10471536804801
9755333724337
19363090959559
14116843502839
18511246919395
7379665174647
19822102933500
13283540150917
3128432076715
11967550109866
14143697825498
16709293623159
9372859564753
16590618253622
19143497310286
9704667646139
584481647066
18792958882338
20491753433674
16166138968047
5585966516221
11241734312994
8620533119792
17879722738898
7284135949743
3767295245824
10383242122106
7715039776706
16485259770391
17458536734987
19743394866107
1984150200072
7514640572264
7639601370720
10222463642154
14236146126692
20174122437984
20196898853398
20406766864150
8326010548588
12002951520778
13951914390040
7075399584713
9623326777319
3333059492930
12669062329091
8516887818704
5463354588663
6349420396315
11496070307280
19567127688787
10711425300280
20280436431165
11519421232319
10774082972391
16827566474363
14692138890728
1391661597379
12161659449122
15508993293955
14398254722216
14496301608671
12538314204739
2352570139123
434914511577
19479922051312
2110354968244
11014281880010
5085133416211
10717292841729
18881049831426
15071571827971
11067428804351
15866331393136
1564145781339
6835262868761
7985211203635
169594543099
10613135216669
4208916344215
10703776834095
8578393543755
20598330774772
10718705597300
20295243401912
14473687985940
18882895628807
5188234311503
16251160056649
13502582667237
9361165024990
11589901381636
1556143025627
17101373682052
11596680371311
9877229754544
19399155581864
16765575777288
16161855864948
20535477635574
12659176038951
7977000822612
13489583560415
20205607246472
16603563789864
9950381948808
20977433852527
3015867085363
6935566268722
16558142923615
19554621062540
5041925360396
4721657817243
17315719953559
12097211941407
17252021464145
14134737624345
17688234439932
16478901639374
6472678773352
10764673463230
2457811349785
17288626181825
15904792208135
2323638460156
19548759522771
9414874950486
7347123541592
14238691375120
13069221793844
20031880983078
6247946374266
5216590789434
14828496026387
11725025403408
8620789607296
7958893539787
19621274806369
7676710768516
13448654092904
3747263747678
17865434881390
3542742341450
13418348716732
14743016443572
18399268990812
20018144286213
13608521326263
4786493645298
5892559721635
18141130630344
3730357992706
14459631306098
19536428915876
5154970699833
4682322215063
11284228188948
13384218887649
8460128181920
14972269569546
730515688760
13069358498568
13668190284893
9289570511985
14820237227603
12415151060514
3559667089671
437367362030
7261361213124
14087214398821
3577382095467
11200521659336
16144866225787
20475106753259
8411843423273
15646603181867
12856705110496
5060044268814
18003156647475
12952464110928
14366943256978
354651482723
15519858976220
7278392454765
15524349457793
10883765542983
790070649156
14830847684762
16904302653151
13258325470615
18125186558109
