140115518
109874846
720076
215611876
19698148
119706478
27798908
115322168
135061916
213852489
104470863
80293478
43641899
201854586
129002184
23855924
67497302
131737066
26219498
218974
78490018
138312597
153650281
128620936
55587546
7639951
206679088
202868500
171594688
224642055
138520273
58895202
195232159
3695673
223380977
94038747
208453444
103126570
206772456
163531313
206503831
145110032
185517148
132795310
94438261
144716879
219001300
97448865
188306886
196270384
86157654
46176866
53746438
12621012
56848571
125614823
157240460
3463878
81201446
127454085
182271457
137128047
223835349
131078672
214237568
165792466
20275191
38958898
106674412
37021588
12685169
200585169
70884911
216386045
128433309
115218510
146686901
35860355
186076569
72246093
206993441
151910935
1041644
158969881
146592676
2614600
96566841
114404425
193697262
163803652
181220188
59925400
24157943
70390529
85056948
169246920
146841393
6011729
151746391
82653391
155672528
38122344
90337235
211790167
121379907
3088258
216237407
97362958
104590915
35407355
139817141
207268975
153708651
31637059
191978373
203140469
27132345
117101724
40098984
26605213
36791128
152550760
177524070
17147900
35450670
79475577
194508726
140618330
100403648
78024747
132601184
114861743
148309879
148561984
84141792
155720474
184427222
119616689
219515486
171324808
80834925
66560714
93424196
206875490
49753498
107798571
70797292
130319138
52440589
44225947
62270175
10363144
125154682
85495603
217047233
86093483
33395823
28785454
81639279
74406639
127599215
70584741
110953635
120063707
68901736
170148121
140297378
140477155
56545859
219074308
98550814
62760242
1814435
182466284
154452993
166290000
170789829
147531576
100316624
9394996
223443732
87504640
59111321
163521817
63442252
190386987
104599122
112540195
125536081
210407254
166166775
14593950
56720590
214870456
140088510
55368334
48749926
187629616
172666511
7558472
89855859
106427252
100246842
113627882
152572248
26795654
223281291
190606993
48238204
172401791
62023439
208251932
133689787
86438765
43503257
75966310
132606047
17754063
142741716
153596960
57966611
107527759
71823481
63168978
127251302
1894243
147305199
130182474
201221665
70888014
160300689
197651152
131034385
133595455
209147355
152285705
98150916
104206619
132860401
70485933
54416489
148751518
114719387
105390668
9344991
88152596
151294735
47069975
160044425
110026249
131911810
172154614
142128664
65131019
17935635
157517170
32022090
81636880
188627339
47884433
94422726
28279475
156965148
41074025
114553989
16599372
108217141
138883019
30902637
67343532
42511308
200431758
170555409
193572567
69328036
198935856
170510464
123560851
178432769
30178669
73750523
185044729
11426165
49807632
50119547
53642342
142163709
226341901
19783526
190610896
189999780
132304384
192336563
142262505
143138334
87172214
138477141
12981027
137496905
122226295
222829596
151820148
43242954
62952147
21399512
85494209
10401609
103877851
137693736
90764451
43170717
214252075
64779212
99400082
62290011
205260683
154040239
43023206
153181147
41430094
45434498
52334156
144751824
65147331
25430971
113041967
135044241
44787797
145312737
25066605
209165960
215694637
221995034
5575285
187435504
36908153
139684712
201473325
190454409
154837145
181513472
6001280
72900151
107755035
43841689
172601800
73369
189668081
68446990
65538969
209878530
13461407
203612600
134109798
15448332
72747377
9776190
187084668
109871102
104171959
137378814
195321712
174241076
171400035
75432861
170437618
98411089
11271856
226685505
35091004
195505929
211376904
18806729
113146342
186441846
209018877
228241722
145824320
174310762
123546403
167130094
89732650
196922916
173190904
221092007
124269437
68113997
64017908
49463678
162539746
68083813
111622482
31634276
111680568
45299411
25313714
29780243
113517318
52326887
132859078
102644641
65256456
63277742
24206566
222279705
138620674
68958690
35389367
83702940
152761647
182176989
171507807
189465166
173960225
3520119
201646443
6485504
128331080
144740442
72248027
12778757
97001225
113346348
138969903
43442838
160644492
26778183
190237019
218204307
6905924
158850922
186523154
192987247
56012766
124931562
3283855
154249180
67865111
52497711
68966263
152632745
76168859
58773540
47819501
39513451
53714231
116467373
192231934
59541339
58587206
25969692
180423777
71965337
192420307
6126877
197937742
581057
140085072
3957915
192367306
228070862
218885775
43091141
103238195
132723494
157126123
175588898
34544951
163417714
86629945
69128194
52720874
109565122
80065279
138324169
36034634
150312329
133598546
137930471
82811561
116569800
162561213
60338918
118717214
127699590
67422544
214242433
197120925
19659287
34819032
4237777
226040880
154685116
138679122
6936279
52660641
144352535
6909810
10198960
135611284
106281741
78916938
188683934
150075708
64732259
117097475
103250635
179480176
221625790
6855372
81930542
117531744
74798669
116923127
129703344
35152180
22631009
175514167
27806546
100980341
70476167
76791626
27483054
27299045
5859089
224744799
195717109
136517808
96854932
90088468
33039255
156312201
15507443
133589760
154753491
201862715
141851639
211850696
216344170
197233926
105131426
63498693
89948610
74934319
151938568
220896473
165851178
82135015
151552330
2266737
23925068
145939767
71169244
123811064
35138510
120059444
38630513
86628955
165537556
109309524
20872927
159600596
155676724
145671724
128942940
14219249
100654912
13451303
48689392
168667719
24686777
87934345
89261196
16121486
131447715
136076437
217527373
180800001
99017893
190562810
165464375
112781315
145643573
60946499
72905679
138473420
149338074
45724803
117386745
132021341
13448433
226378226
37047444
190932971
125046761
78048377
204680450
3583356
29451853
120008221
64213170
104312296
85573499
74498526
209954706
8193796
212969342
16953560
81818788
40530508
110670123
226370977
79074253
15496615
24844031
32915709
72928520
149413117
67108286
153384372
54845663
66518260
33785307
17450128
25598639
171140764
152245851
144426902
145531342
5939019
100472092
192768109
164106043
50653309
82559515
170459334
196046433
80681353
64521142
158027954
121942009
180735472
115420963
41684834
123795241
90564946
152454361
180483298
143132950
175638049
165324081
133912936
10956743
70017881
12613545
121518239
225860330
157176247
37747196
80220411
3141924
195476720
167044050
213914216
178369801
29797263
204204311
228793381
2176354
45596348
221383641
83423134
222446924
112840034
157526310
144047373
68015603
137855223
163883362
178103172
49709413
106472085
184300289
53709979
178308891
198118010
212978800
40431735
94957603
59693282
22842497
128545168
80747854
63790987
120240463
36402997
33031917
120713872
72566145
57515132
170957549
186717637
216874221
28043806
122029529
50410353
219245685
64628314
224475710
72311991
52000924
101361475
171748589
86489817
29389964
88098524
15782010
179210595
128783008
222950357
69521053
220653857
16629801
35912049
187652414
72856632
47051395
162328695
124822468
57550353
149933798
224739962
110851703
163893975
22992303
182300023
226995180
228157112
103414485
3241276
59656890
212830341
151890126
108671785
41858158
117174226
144848066
207319955
101324646
40393075
68594877
13829550
79965953
53580088
151251347
178112763
64593752
166064217
99402256
229544850
97335680
50855817
91059597
64879153
68402925
183712960
195012259
192449583
85672563
104046240
219786958
119625167
22019547
81168666
79778832
22079832
87401035
55275926
80393340
118057037
73612137
44578183
227082149
95226264
203045882
54622357
90896064
27841771
170422855
113576319
9283043
30202792
134193720
30557103
68176517
82816997
20876456
121040520
22766284
31475429
17446604
81113735
62415084
83532100
127140212
45231774
201622443
104224484
201262440
28320463
108861665
128796734
62213427
206848397
92513902
101082950
41174131
204933000
100602798
84667307
24208835
81367272
77716271
106454145
183884370
146914905
190583936
150638796
218490364
183899814
109696203
119003282
35762751
226531737
146661203
160240341
8178675
58500760
35947668
79472930
98782767
204257418
8881363
76152711
189546349
35777897
71065539
124287626
149532600
137279388
33889576
145988145
203065150
133136467
184793681
48589594
30327727
103771451
218173737
70100280
62703241
28815377
44800789
125445248
158553822
180216375
99608624
215939614
49855049
17744879
45182810
196921667
55096033
108984725
8252236
1742670
191255084
83071682
102139585
181737652
165681178
215661772
88223823
88803255
117549249
97839809
163992678
104518122
106078868
158222170
116580248
54399441
22177382
162982516
149192797
50766629
208779415
88252384
81517454
144814309
134625852
187250908
168092934
163340184
189525555
74410842
221940623
75280079
184721565
90598875
22041781
218385587
214145961
99609891
130850664
123427752
52736413
13825755
41205634
152653229
66492970
84370513
20174338
82308495
41687622
17748350
163876982
51446589
109602723
65177578
20001675
147667414
55204281
119867722
69947530
115000306
225030860
149425599
91072092
148447015
169148613
196626712
92100655
27771770
40342068
11235151
190629758
55768284
158009639
87895820
230485898
206240472
209560875
205617413
58282299
222206246
15885600
171112970
61624435
70549366
98449373
54110666
49299138
205297075
20610577
4868165
11874176
87151135
16212924
66505137
13846190
142992572
147648565
150096268
122768902
151833725
150606944
126919097
131598455
163208350
122673409
140739392
63191495
44983104
172323769
144490803
100824525
95732535
137997295
168233636
110463463
69629675
151814168
200493142
121843865
94842204
15902560
182513719
6670937
17595579
140762924
37789130
141317291
107819993
78336539
181404369
64127637
168937757
183417461
77868538
198722574
5570529
40772187
132468373
13722163
15027423
43447380
85705027
64479920
156796725
40023662
200247642
115286142
86216341
72556495
133458810
181808547
110414223
89353745
145977305
92789675
194268800
160643868
43331898
205799702
217888200
211813018
39530082
177904129
36923869
137502728
18555593
24973476
33559473
30200288
214674265
226324368
25387159
224521780
4119199
25027049
41675578
171335697
16582032
158112646
33729023
79569659
110234849
185096080
93756181
88521912
92195183
78037129
162785574
134684853
192535878
114515586
97228544
77874558
117384589
179433822
91021948
75689148
218175235
24034501
226044256
131387851
123231617
58652515
6368847
207543764
4766136
91382958
138897187
62858318
93022833
88733818
178260195
220247683
69413134
7014935
132569024
220077480
109198821
23497144
26823499
161870645
25954205
106403774
31832064
37361593
81261139
183176396
111402706
15751237
97502007
188476614
71630724
206020592
213075974
161150326
202901774
45735764
128435104
138831097
105741754
81317225
90469035
120000524
21831225
174571125
123869909
129856261
173384417
166365561
112565206
25958886
19592585
135242679
222353622
50476599
147044141
157338412
138794883
112267240
61921512
70561670
26635844
212448052
69735077
213479743
18267242
80466439
148798311
50738974
78051803
225850303
67857694
215090068
213402447
44155308
131612629
9194816
185934534
194934275
204000185
181578960
192992246
130115463
32130219
62238433
142048387
34200036
194812214
178212495
163325155
115590281
68686332
154785554
158349690
198746613
178606844
41721002
141736267
196575090
149045829
222847052
194393176
78461569
221929780
144050114
200457292
1398521
12088090
118596441
101561668
149391782
207290363
209828487
171183906
107809205
74097485
62225645
141839594
157292593
125705174
41591259
171390216
82556066
73383520
17276552
81841102
156734744
193075992
194289466
3209563
128205442
196718357
126250106
68177540
201113001
222014681
112725518
206832873
34880237
104542355
55293482
95896051
115376707
134933033
169707302
188205010
2575234
15135512
44447975
56967810
7568438
174954586
130194384
94580948
111447520
160928413
178257252
207796217
144848311
74769648
179749933
144416096
226844842
153794844
76566778
17687805
52272266
83902530
206465200
177337869
191912860
32918011
149021895
108964645
74486671
125942854
229915975
143404573
107304319
100389551
146106859
40628893
165765502
126959249
117600153
79524519
149794907
43121570
92799982
75196390
126102975
14598681
34571463
187902318
148347090
158970667
138409329
96434921
36463428
170614758
7294961
96097571
177036564
75718445
201690378
170424715
122317198
155030722
164445557
165317533
97116219
188852472
162478847
65018833
101323236
143100242
157528156
148957638
223013548
76941979
203789131
94662481
216228468
219421213
110675112
39029764
147778040
164095602
85512523
141579388
133462391
141950333
39355893
208392081
150690336
22131718
177055314
144683821
74175309
43883154
203009293
158890640
161405838
7932025
55946054
175137823
223416842
24621726
130291411
150540431
133388374
32719408
82689244
18583227
165383729
195945513
74856137
190025449
58145213
17480827
182323972
8288802
194773578
110516516
79772463
137563788
24579585
135893704
178177353
168590089
39422392
161038928
13189581
140591452
92051185
164444193
61884160
147038294
198199863
159231332
88349445
136209111
108111509
196216378
129652795
114692546
36091301
160850960
41355607
34190850
65945083
153712680
168596618
47155250
169335879
12278229
123160701
81495788
78663675
186129545
28883514
185241402
51861220
111576403
70104378
121960956
118334936
175851333
133574048
209638018
129419336
76920046
163896071
212179958
164935406
78027328
92101046
50888962
131133880
105983768
124513294
27841484
62155116
154867742
168362051
28001753
98721094
48849967
148280812
109366462
228092804
33214962
92120450
223953855
166124584
97267045
49867885
196599864
9824183
115735600
189236041
86910883
79222105
205682191
5582101
120127644
199062258
74588930
7291329
135478667
13622264
114377772
86591823
221291243
192531653
146102159
216051879
69614404
156460773
68568783
3563932
51507899
91189605
223784709
35037797
171098708
174730037
177139484
128705334
92319119
92376729
128625115
22432629
214543052
199055213
43202352
120220036
48237647
31907871
186004563
176117834
76053385
225941596
216672502
2817522
131089798
49483476
17466339
134455345
114029491
25733402
857541
2637925
32072759
69696237
63939102
147566560
192128952
100991279
220380434
28226636
72648554
223807987
180102173
175230238
167872821
180073672
175983100
139580938
24564048
64609042
53944741
202987130
42459178
158332886
14718982
120888339
34729142
26374792
73408176
210027411
224291193
150609966
104939716
200014743
67435243
133139670
87812864
170256753
120597757
156871866
175227362
118128422
157663784
187314541
124793741
63467860
81648283
193623835
155355399
179829141
216350092
166166758
67476326
69695981
7792849
32984991
192959591
76377745
205495437
94359852
73917615
60007855
101841958
142428891
16810656
28766762
144452719
55637191
155083272
94897956
90492052
85655426
160038230
37912097
16788626
212567766
16049139
28115833
81087190
144877587
139754666
171611243
37145865
217134093
2239170
148053962
199223146
199873202
125308264
214693302
142296181
172532966
144287669
94375853
213746013
102200950
117579680
112834261
226191008
196596710
49061971
224809384
122352439
263486
81064481
175133556
102998417
187251676
125516751
194145855
63286257
86982401
121583698
216809312
142169364
159508359
93933131
66337265
195482826
118651771
175285663
118768110
13414043
1806443
105327298
148472454
210009560
124456598
87692381
130536055
111562608
158531215
106946344
195383237
19376528
121461460
52205504
63066234
47911162
118220749
152922509
173605329
189600313
176961998
212895106
24820424
212396496
32905276
228847564
58125845
50038435
121709040
167205701
216989371
197181489
141313253
93480749
13447380
212061238
162240220
15780320
169784789
173501848
185751369
77265159
31032395
157677466
77259838
60886567
182856193
48790249
59112276
197699744
183063641
191969318
20665972
33937024
113361527
43412421
69516041
207598507
87404608
125662937
712443
29174149
121123276
164169059
70129577
9040533
104144285
146455847
48112932
223248516
191893429
101496817
146370010
42326322
202276560
226004522
33879903
99224481
98854635
106737081
164635645
213616715
61101553
199310990
10212461
111481963
43287315
116225736
205604509
29823625
111727121
137290394
84343580
204488731
220440418
59041727
152587584
69977696
184626179
40072324
227390637
21957731
43500028
58690666
212660001
46845568
183291433
182924489
207624750
112642432
109945072
208581994
192479142
79676616
64710130
225016345
16622572
222240636
106557734
165662153
26836205
132905444
48157505
214664659
174604927
63857399
123992038
66274405
200734236
206135087
100065314
100263480
195272610
19918505
86533530
214870399
28050594
166471038
195578987
58837594
27055849
200214777
135018347
139866181
175041104
206308957
59250680
89522477
38973912
158140377
215656284
197338572
100353648
113685468
128861079
176699292
169811570
168701591
99428320
41922039
202787640
54861861
102614883
104769026
55637073
136356209
96409606
44254818
37267830
98142401
202478717
185156982
177004233
97745917
157496792
67307864
142924717
35064035
133403244
45915631
149322833
119150294
152439865
164403336
164805290
30395290
89841021
39619798
21767045
174662761
8366688
44713310
75757493
212727669
28784524
107823410
160445840
181720265
159249276
174741940
154083997
46164780
220926635
71889733
223113345
77432458
13080751
152014681
182869948
136530444
30487988
26080830
17189572
12470970
59253869
21875088
74783623
152595781
75298963
164947243
97510825
214134380
32525596
140425725
3714048
118488992
18323315
190456898
38964945
150269822
102012681
11059285
123320212
206349528
98718330
208329793
175465005
158353664
104760203
126757977
186238774
111088377
89224990
108213266
164148428
75830293
141009222
199591517
18219143
73709251
211814405
94348113
92382345
175197600
97490538
157136984
193235009
10020020
150115201
225058164
71208363
20361492
96032550
117858815
206849640
225489041
63229446
84973259
184625441
135285048
68077636
14058799
212739007
83401450
159825728
132761472
204203370
224180277
113379887
66277140
172361298
79819162
44472981
88153054
89824838
147308911
3865741
75555121
49715095
86886222
132462136
125195481
152075112
150225042
76912777
150835078
14637140
9772765
23555382
163910057
132301634
110337958
111428446
72649170
229009397
160458029
17379588
131992096
52708888
154207209
151164746
116504982
84077126
140689410
131497106
93701450
140707092
199778221
30153131
203104851
52153953
133040661
97130408
226754431
154004691
123988896
193778301
79331435
35319505
9734497
138674152
191546702
2049995
164702794
146695349
49889618
174294661
37948797
169976219
65203998
190466015
5836316
205565159
191612338
84927529
89449142
55330100
121821305
103174628
97228366
141969693
197584600
90095081
134747821
14178059
131511204
113701505
50846971
45067110
178012953
123345761
74028417
111359443
57441633
66194949
47977032
96237522
18094693
191020832
21021851
167056818
153332706
96126442
125202356
206076837
73410252
153941565
3025749
85424237
118808080
43929842
208408135
169685064
184289080
45315593
173896931
7498434
97722565
80435018
60837624
213188154
169991001
147848492
117991925
69347384
141835447
145771759
44723265
189122854
118232679
16296068
93839093
184244698
145416246
174470498
154772468
151436779
118877212
63379537
58255411
155994382
229338763
169043819
164007928
206159166
85402796
4424744
94174250
12280715
223019215
22885368
76958831
24478201
72875215
223080795
67774779
143872187
172773437
1518039
110534373
104098904
92328351
18509103
193511596
70502861
58737800
45993148
125238404
209291615
6830838
41031100
32957227
203014993
153781222
38336814
106149639
114205725
162433359
168688693
66524173
12651142
172097137
203629798
147043877
175438737
171728334
81544946
111076857
110012369
106162889
74698387
205648761
24898723
75626955
106453807
1546537
5156908
76482158
11105911
92668853
97002673
116267888
30820241
136573431
213052711
117046839
95074114
134339902
178267487
230148561
107947991
118032751
97146582
196580116
86281776
28993605
140286700
81910112
178972576
114114864
14884174
159789654
32567313
30365526
67011974
77312777
170792478
126508751
112170136
87865114
46791145
140314632
77486444
205196489
16065405
87711476
120212416
111324779
48821192
121443984
72327065
134941289
88390977
198271028
42765568
66281002
34353113
161320442
138819626
220292849
390246
127362028
50031877
77414903
67902402
117714838
100643026
223451081
14136971
109472023
166176953
6015138
138392199
102945248
23845560
13941947
120769668
148105574
66326660
161168931
31469688
198879012
193299592
12363327
84045640
76690346
16700024
195603463
180594323
166481235
14297407
198340614
112803849
163691927
177789440
173914732
151805113
97416792
152179071
38018686
116525663
117712499
34933026
79524089
195777649
228304617
132084155
36136685
108747132
202184156
120855250
217983201
129682548
70808527
53598364
51345658
32722
211675119
39574142
163115520
184816709
101098534
172909669
94370175
211473006
127930968
97576852
43442679
102625931
190240886
154413097
48269679
172827868
75264876
68957413
67347304
145798030
78686551
215273239
164374489
39709208
124055073
23168270
217853992
59998547
115652480
66551379
47866508
145688287
99570827
18345938
70037853
69086043
24150984
164758512
198021644
170460670
89750934
215499648
226018567
43062124
25848373
195501905
150571355
132371542
58380762
76044176
109732971
16976597
128961922
148365665
196496331
113965231
207357660
48417449
190810343
193583335
198500347
197448758
15351813
213022645
62599735
28601749
160283342
188649909
20567637
210042181
122752126
37384380
219531650
90180507
166423682
63831916
92608757
105152350
190317946
210428448
62153676
61900893
194930786
32380595
54795145
161412809
169170259
207573792
119302608
45044824
164715378
183779208
30093423
125024875
2166803
2417312
65762562
142781984
140888350
209954989
55064359
217420823
158438939
42243447
41073494
30691275
17043454
72174910
217254488
40659215
189527369
131476952
43299562
135455796
195184808
224405075
148508450
149464913
169921541
209750386
10414689
96243762
104615691
99541991
63118258
111619441
212316941
213191186
179848193
196668473
196504801
53013884
111391356
65039470
171186101
72114276
137020800
131222443
35327640
155729008
32720579
136571024
97510328
139445530
139229466
172773016
20343896
69720188
104018223
89980789
139215393
147350970
167016080
30894973
204341413
23718779
24187007
186094198
188506407
133372526
208889919
121963002
210244137
221746172
107502242
181099658
180912329
147484959
54236708
27431318
125539242
77102885
177013031
100249321
194134157
104780372
13280164
193856678
90158723
110002956
163514168
124721284
73316497
220221624
92613927
153631582
132108023
17672684
172491293
87548558
33531060
193439911
31033495
122526514
222257390
40876374
81595440
117071407
191545692
106226183
177815976
125307745
38531258
175303764
28740839
216579573
196438898
64916952
184953501
217730506
188325166
157304064
149308555
190130888
112165612
69722970
169061043
158356748
128296824
116104265
228313320
184305174
136893583
143296679
227864124
103214851
151750928
48418904
27735117
37311902
5891944
28434406
201517991
221470182
89107304
23638772
41319681
121276408
16289471
71667509
147329906
180824139
61903580
21835336
35705605
214167611
218412092
152585733
64566618
137485733
7789143
47618585
200820092
176910454
106066806
101986153
106222588
37447956
152959446
6739782
49019068
10361506
210538045
121342954
53723066
8098335
38985267
4411125
74167389
147506496
162162756
56278133
76930679
18504580
152617001
74736277
122254082
41692523
109421445
225130990
213840407
162911134
200507201
96380979
121556494
218333559
84101128
208075705
162140540
160159718
170448666
212852878
7028139
105296174
225733913
159547755
101918997
124618868
103893860
159100635
56595637
148170678
123835315
25919586
77502360
228598118
85681535
35404713
215739486
46334365
14898069
156216403
61365592
146169102
187840885
84548370
37239914
119826156
96647845
72236568
202248915
79931580
152206122
188543816
103166143
176728710
134371738
185175
184926181
41274541
37401677
151349484
50083133
210230359
89791382
128619119
76752805
217048047
59090819
83811842
160124279
200875309
73952571
542828
88546633
199077312
197361592
30722446
39107054
80891077
47368492
118147924
102116428
160981434
171385972
5557017
45433518
229727987
202778828
28666025
139783133
156682909
188330032
220173997
2140066
201482968
224939592
38168973
151607025
85071834
140261130
31386524
74648000
117355574
171660547
230384448
129098364
147486363
230360855
9392013
206108119
152646740
161635300
111713028
24550168
56320346
49104155
11895389
195861747
46786465
52260320
32528310
95204667
190772676
164916994
80457220
218131663
158674434
45461823
81215198
46758985
225984183
66649549
25931159
153864815
92161590
221824614
54598131
211782493
53710695
12721737
12141613
122085913
214781071
61517823
200857135
53536260
113117349
115444404
58308836
157418187
200380315
150208431
75665558
55185334
80383560
85122308
207076378
107922228
98796220
13494936
29231776
84597666
110629308
203115862
126980590
41330788
158995466
167226404
199631424
99121348
182120299
174811745
12323666
55051276
111853800
148824283
61764388
8019459
36607122
108840551
22163913
51456276
172115013
44770167
87954757
142959731
185622840
100060939
190978349
143001772
41048443
118219748
152023095
53110045
133485345
219850357
195738201
15155919
139178328
82171697
205307353
162713808
92857228
123156844
113723920
164256670
175332092
61958816
18454600
123214131
201224388
90791185
200964342
79024826
71389644
197207711
23230768
201214455
4893605
206237326
172750960
104835003
194236948
85785908
49864201
23982683
127950289
4168899
41187832
134247555
68498377
191440257
42338996
17715484
47063166
183564036
101871799
86870662
188000427
132852810
140872625
141871878
191183410
8763162
153444530
188444725
148508935
74226729
208038112
206454287
88280908
104097386
4710510
122818850
133376247
21889765
47814512
80144312
73429698
8227797
39252443
88933940
164253172
45494476
2716733
153787491
10728891
49532670
177946206
121046132
101978662
203625853
74852125
203570107
208750829
53898436
123766966
45699296
50927074
18495505
83597107
136758716
112387919
79391140
121847507
4686165
116346579
221299388
131290789
137970565
137490817
124800441
77768294
224071952
193528395
14856431
56913496
21279116
104294656
44333687
1683101
24269840
130732990
208976138
96253171
18380224
94080701
215119111
17206018
110463063
227805163
69200653
204374413
195392508
39158794
106152229
49739752
125352510
51907720
199130564
57619864
199205535
112929228
85847844
136415600
180887891
27553347
126846257
225294924
170958707
110200925
161454456
176495785
127442641
139072711
171115580
25885990
34115750
110303099
118393861
191648372
108353993
160747670
180684247
180462832
193570600
154465126
210719885
10373114
148589476
172788856
72689156
177641796
95085481
182281599
77342937
190888193
61357002
68471232
77704237
154101071
149159646
216329129
183564965
183103766
190007859
17958658
105518739
36274526
192658875
133580869
185086654
159380563
38453603
39728255
216426554
51791260
124022030
18378228
103582713
116574846
188280985
4160009
42432638
193296793
220136725
15980276
187644168
25537177
173024389
175587506
114197118
148705043
15961368
124030622
66625283
9716256
130490737
149642574
119775264
104764418
223443282
10224878
211605030
114861793
147866151
101399704
176862639
60239397
97258246
11306515
94342048
134228064
216125247
19801629
178888476
22963317
163311239
99987531
216120487
144471416
28869708
54416529
3048655
47006896
56094614
111549946
87552273
148403731
182200545
72099328
98571130
11834062
26670847
220250822
161165371
138086364
221559882
175037787
83873311
114650007
19387589
188762717
167789092
6620034
1807295
218330063
229040665
82633102
27603825
94425460
192497583
4154336
188803642
126673906
11731037
114897159
35820304
27066657
228132173
117023399
30167743
161173610
49296598
191621889
219206236
186640749
30945469
174266811
151629021
5054547
37826058
191016227
31910627
225302637
5222128
102718771
192980621
9325989
122495725
168123878
50801141
4842571
173333861
41718572
48705172
121872994
69027333
135310811
155353947
122472180
135188969
35188753
35508521
38908116
113418477
88975724
6889708
223726688
225984112
227441678
143656346
174264193
109438459
65680592
141669990
190402467
137579289
107529094
109507726
117588597
94344300
72111729
193082142
122369917
175187087
215961966
91322041
199759844
101454339
48503059
194199058
57544565
222878035
117092016
133605257
212500286
61219965
84785682
2299769
150743626
220641362
11340688
49214177
140033224
83931655
112616757
72567495
74346436
172333287
150495581
51466098
60824525
74814312
159100362
116208185
164094931
115169469
156373013
61846943
183865377
171070286
91332864
23276709
113238825
122233601
21183132
123925282
45626258
92395026
228741860
107798892
61817880
228446416
46506453
129278896
153339526
121655595
36775967
90424203
114815443
18069534
10309543
54694350
126604289
48138822
213453296
8533732
34233689
179457
41418816
184351878
120365782
197850850
60620478
23570826
106611193
163213859
49179044
171670841
69281331
92502784
1392122
115441814
95794216
54882722
215216432
155257675
25934026
18537109
159030814
212354401
132587507
95768049
165219959
7308780
195053014
159784574
17623113
21476894
117311498
49828499
50711239
125093320
198612162
46826640
93509680
224069834
215676246
122792912
108619537
48041533
215505189
42760611
67613633
101941328
142779192
224471843
156068576
19618395
72667228
27283466
201410975
126372117
130739943
139722881
226771441
174075712
71099896
15141976
219845704
72959277
73209115
107710848
147934613
139297602
149160660
137742466
187425596
153428858
145446161
220635683
41901304
207771283
151755704
137777832
68185902
144542522
200304995
11416648
106592554
196497481
34408374
158109470
134793626
133887550
101829683
72327722
229780177
202247005
83984842
104923196
151185629
89973762
18540806
88887577
230197531
36909484
187047969
61817165
85247973
212544046
83583687
95356168
76250324
61886657
38485976
132251764
35586875
40291824
197232515
113162169
54451699
52824636
31369756
131264191
132025886
5574957
868712
2158578
18800222
10050963
152907854
43651118
115439830
179703693
60473897
99504465
90536148
80661546
76067223
130797753
49299131
66329383
40196961
57513384
218798657
152123875
111677592
54198018
163743521
223015771
32959582
226259517
149501154
210677805
187591721
194527377
167287963
53160655
171027569
56969525
205678112
115135229
76075432
29995836
173022658
169676112
104890477
33588151
92722843
198028137
214820202
229726201
164613442
112450653
122386827
20348100
117898530
63207619
58511312
90673164
119214771
129494897
8721805
183232841
219966591
56189343
181376470
194369259
157076927
226944756
101210909
162610810
166784992
178265896
186669017
127161477
106015466
105190192
2040926
115497775
148738666
172698242
41623955
27735010
168865947
126093536
3941647
73230439
95213667
49620912
114566862
129080062
90884173
209984365
175308613
209162617
128741502
217630909
59101339
28322366
9796180
191418404
106734878
118717787
179242516
137928998
27611461
122224295
121764400
138185362
218129651
53680991
172095801
98725458
178690486
66694276
67241491
225986426
64969397
221714524
71444500
213419412
124636836
204753220
165393022
224395585
73306298
75661130
63943922
116975811
65213785
175526988
10771424
212546329
99598515
36080307
218439425
65893028
138854662
59213114
31056312
65525924
135005429
81189839
116054072
43106800
182516064
81438133
103616758
227375025
172526582
83155790
187782505
199597517
32738951
52222909
207748073
100715887
197340493
2583017
10516486
5345437
114760187
62440222
186154309
79308930
182646307
215043763
145324183
5826707
115762333
196622151
55410318
81789883
35914335
34259577
81320453
28479521
153567445
60646239
75278938
18632119
160486793
117566869
120335916
173511638
23770627
196336962
199010969
225084605
205243963
4042677
157170942
130056366
141077152
181279503
36196844
26127264
135583783
144526554
103519490
114003582
147767666
140333863
22213862
57098498
199256842
86005818
25896921
203581745
142267827
175198964
209175286
158138796
155103326
198062369
88243874
41311614
162474389
91921773
205626710
182101944
142256608
38135074
109441702
177996138
97751039
119389822
223129043
13052857
221649655
203470888
219464977
129308111
197789583
96213012
69441410
217389292
173593884
84734826
5674961
3321542
119627384
139237220
66735713
208508520
6317310
32045027
141012766
170573466
212017754
227990638
111170742
224171514
24042241
39109731
42864646
23500608
38186293
44038521
204078695
109582306
17222180
110190568
27090511
53796435
62832579
197861867
63450821
76670909
11597802
77327727
41336596
26300201
228673555
94400631
55525577
74705564
16092537
147291619
199992369
112759953
203915841
117666748
122587412
123501523
116406798
108757623
194270900
152991485
18607040
56972526
205268633
88025215
182197362
213570697
39157009
216715487
192219065
174259338
192803075
212695999
167054193
186677097
55328371
198725569
28368535
51613287
6638988
31548465
56854630
167567137
131843098
24849602
102029715
79480683
51226441
57271146
200082987
141637976
171066488
154216209
138915530
211883567
8768473
190749519
58854006
53238241
84305038
35928750
86542958
209390794
96199013
165179096
208791474
108913900
225846038
189073232
171840652
74511405
103816628
11014280
19630929
189274183
115076290
11614689
217495357
176293761
2750434
164551524
143962934
152818520
44587042
62241487
71024918
60706834
145099228
86778779
159007495
6934844
184510719
145517127
156542811
212120836
64951686
27367568
203965986
206611090
133105206
33272096
224344506
153262507
176465433
6138714
12267514
123069579
188176996
7645858
134875993
168069146
53466011
92239691
184958882
152657447
114646062
2679461
130879851
180251059
77853463
184886540
118034328
14564205
22777953
886279
123734918
58157850
23875377
635218
93784417
158051974
197483731
210428689
112109816
98627431
96391584
200380704
152869561
56979867
45721372
213138349
71828775
20419662
132422299
223729259
144089756
34540370
132409863
206961957
219967235
207723967
193712091
129666619
222714584
109692368
6684300
177844356
228724681
54669268
70381354
25777227
209248838
157420499
178107892
47376560
67780233
29842866
169471549
33317831
68753219
13335481
209964140
214149027
65540927
17747749
29985419
108679709
69094438
7869508
68478667
25002637
219157256
47708155
103105056
218223918
121443675
121523488
22634246
187191351
110937834
159599249
212835229
18413238
22191512
28705842
131260319
170457710
31224435
45541120
46442860
60974793
159245876
77572907
197608396
58567057
86355152
14905269
9911086
22492694
62547380
154593204
186089288
91149174
214322165
66783615
149413136
99741242
178703850
146464805
168069858
168809463
77925994
14800024
204525647
7170330
140879636
162253043
82338631
67033956
83784709
215435699
83469015
221789679
16289361
198266083
114939226
125835968
42145374
13292993
134897423
154621319
217992666
25714703
212542024
59251929
42373880
191305259
21251232
200775807
180995620
25612740
91069105
29333730
36610989
113482990
54003761
175080647
210717530
24333724
228812284
173038128
188821675
222704798
19540272
160942916
147425624
93544988
1751080
164091606
203023113
154635073
181789552
159742577
146079545
164146544
79525269
67158558
37992001
143068831
126009139
101675046
114903296
186231188
94408084
110652197
80352763
172262012
182802215
184270272
222362607
185102911
156217772
49838592
182030214
63263208
5025453
102455355
146008506
131167464
193983147
206587321
144897139
214396064
33879716
57072258
65973772
8646175
133663151
144446649
120738679
204852563
55135540
60639177
171598728
212600459
188365178
164382608
23160446
115639641
199935898
210260260
42429178
98949420
88965794
194659687
129769552
211569724
10300338
64777780
184402493
16412125
81387140
53324080
24882897
197003879
38454587
53434234
69802981
87553199
105672236
222684086
138843693
105242246
225388918
222672544
9749558
95680548
149576574
64499993
220332966
95901932
59213046
176281732
163825941
4781716
142417893
1163555
153502751
222140967
92850853
128165021
134765352
37173642
12578772
68927563
90596904
95441368
23640706
48692391
65088529
150609526
167107615
13278447
197698074
78681295
173172545
160751577
41136842
209511386
210543482
63363693
217457234
180831342
143285063
125766478
139527787
134602204
130284608
48965190
133428980
64772237
184509212
70945432
145636358
128022246
168551277
140970511
207040969
188786222
133463373
141443724
35347277
117469636
175591936
168271085
186282902
93903963
167684869
149114318
127587289
133336598
50541694
183798493
23218936
186237595
18336936
51421921
155414640
149612688
33990328
99290332
27532860
136303139
57895460
35544924
131349626
103574427
51159783
175559833
191466149
228607069
189988403
54977902
22475261
135359148
103035773
203274465
172730042
28259793
59832829
59182063
131985997
5468462
214894605
66768170
116815803
176281134
158586952
140476966
34704280
183221624
25344840
141342311
115654995
31704056
61567708
191226233
127974826
128051405
205878476
194147066
147508459
80062107
25295859
86607962
2810969
194178744
43911207
105967804
161606982
79656003
23036904
121499681
723641
62059909
188424799
166394453
58742398
212263300
13776603
133704931
6176462
188166510
175713383
91500641
204222816
129355688
41417914
148390363
15862738
158514810
201282790
146117548
203400114
75648613
192301084
216058247
59524454
88239242
184613572
123515326
220739322
205229852
223380899
100486309
121486612
124334443
13178233
211709003
214646639
61436061
134865608
157319539
68371712
217690077
187167726
166233660
205990172
214380931
29858630
171511579
107318422
58400692
22570880
137651727
12936429
149630817
170437206
89895992
59247093
312660
108623044
178099192
208506327
169137850
108070422
54105035
17147079
94648880
125023965
140885346
121795985
556099
153485077
131114889
6937425
80005780
225552776
41231675
32669356
87625738
147269270
120832553
212650282
3957201
133325275
176941603
29543309
72764903
214165469
160644814
45867565
216259967
109885035
180906229
198213235
51310299
38639856
41664087
82907342
165184968
199950247
200949939
59479811
150601040
10832168
211754974
85897717
28627903
29001470
141764932
36044867
224042706
40523145
168173853
5783408
134203005
44025119
207931533
166906397
134006036
16170266
188342086
154851662
136164922
191677279
221933839
109087830
104041893
14298849
179006394
134784686
189430257
52880985
60765799
151386
143927962
143368956
173864460
226594173
72590648
179987612
193892754
136896861
136997223
50417946
116213667
152043726
117296777
45088915
11354435
124561523
149766519
115665210
17713957
141638437
201734890
222234756
84710236
159360677
209205442
82186107
18179925
201001556
13854656
118124899
31273977
230017828
32111901
55745422
216083357
986551
154639924
120100058
193583723
205139517
49980905
177173733
152172208
50894184
207092036
48249281
37963186
7000739
87667970
125547494
91177338
53945765
126803987
139047187
220072576
73202908
92964525
58492266
180653469
220176354
100753347
34303997
14772482
149613000
221878485
165050772
122928507
94221533
61642228
84454811
228746511
61632020
2880538
106241693
13479551
33438795
113230860
3734119
67267261
181531271
11018370
190487170
135384890
129543184
178819423
206386863
51456765
222793026
9091999
107641860
127718339
