68052027725623
79714242624377
137880954918966
71446209977371
8196941520071
42660789973670
125327473705015
97133659487236
130929696649837
59874126312466
106787104721828
80038898267018
39893427621416
44084537670214
102144771293112
136293298179975
121106408010116
130204761198656
110976269273351
162769963612666
44093684871207
77083659495119
86094304680763
19302909976881
37740624524441
52632396160467
84585959654861
124386633208810
49427397028808
86764012673038
70877433659120
74848051058657
123612273758025
141621194856250
73455668838303
112905334365714
130451471122353
35122384241102
46744784068913
91600952312659
104532066476298
18574362467964
56968560278213
96496472695386
14753325531603
37873321234225
130691027902726
80173366114143
14620515762904
141175390993218
134810439306415
95833815417136
46679421747200
74129460765991
26859167641056
124127563432881
119379239417389
138910405870993
53445835997112
24643520347710
82225966599748
118859976025028
80780031781049
99894066239520
141845097144349
162375116464779
151503718567367
103329525007241
160409839237069
145713771320640
143150509589067
110068726775834
111052905266307
71228587935570
50515742262999
103897087386167
162551781241172
62378301929139
70542219394706
20782335805419
16943183498313
72884400191539
118420254127014
160024444593001
109114836052377
100514182034448
26217182514447
2500435007676
159497825319578
51683316697030
3084584749951
113493024817401
59280316402772
42217678321070
142376590292093
127399300460887
6281955674296
99516806573222
39397587083134
131181990236457
19660963453775
16970536037906
83504975798875
143201542349617
68205455751625
124366003038368
66507726490927
78708002971789
151676827601050
149797877915129
76670558322375
146246897297688
79288948738102
93278220995609
54710695252185
11375871786937
120077694145901
154366634810382
99504057677169
109082165060743
1639559043190
138081813801542
98682298890681
66853205936604
142986879893135
102200592327211
40725564026081
123945353311523
110538046929783
66522283104020
52449295685580
143517038760505
74924377675248
6926089775507
155542806058095
141564128996430
2478515176863
135582371585713
142303000687239
156782867580744
23069595801037
151707751675771
10825500135177
28688757418952
75108709100755
46196647754711
137590234643243
151760151328397
105210467863714
51978114375885
114897058561419
119103435484720
7361982765525
125295014041040
3729680694208
485899299031
24803537939876
124714894518933
30540520373683
106983481382012
154121985908589
66949706290552
155560084917491
49842317468445
132311783118308
49517879544616
13151618010141
143673482528446
162742184852336
61479262564481
157835916089501
69028429638442
129945482507815
60991697330939
118654424780118
99395323380273
88908569589059
36979055945704
129034196332014
74703431673499
124269438795610
54274661166681
58953776639650
77947903469909
66333433005886
46731817352510
137550078636794
82024346777172
99061938559872
106637864898567
89768526052422
56557513354861
10645576068580
71345747973990
51066143250346
160834328998357
139158868137598
80432274706553
42907648531925
21979195364134
88289148893101
79048187997992
114117300806909
21616386102500
89661830773950
36174694836844
50424530705808
152080102718744
68330285213794
5583365841295
50583299365032
129657991594936
1785561593940
153834911187842
152519279479033
118889474098863
133907445523994
14855236343061
75914449468033
71455847487820
80354774635947
24695348697143
99076568279075
51802552956921
14577666012205
112993293277676
91603828671191
33325379057900
160113159029368
86368410366431
82737878065419
54853807503960
153565074204333
106209242041139
79207479894885
98955887875823
9610604441815
46692566423695
158953138409004
28194248327945
154120684080304
104536334858577
23822982044460
68441931404194
63611165275811
162431565334282
48772111131593
149635959615355
157553147953361
101622246617718
59297296687493
2438874385974
11448072034873
61396463070678
11928312708589
118743445936123
90607889113837
124144812082474
119785055434610
99293798701269
162559293259446
61562510717075
36771367353726
123450138585833
22763060490293
138523704312353
65025935785750
49267948662064
64384421214731
110972908125654
141115429248720
118110650390496
54181073098346
41262266226132
45013808683777
60858626066356
31562339928625
138643095256965
73654476552004
57078122099882
118090116355066
160374709274824
54818967385948
157737421603681
141831713254292
71059786765484
59774268759915
30941352952037
136507790065105
23863861380450
37044523409003
133759608719797
52206229948203
62985557550637
39060797271392
3758516286915
58367873180295
109307919409618
105119150151462
43358878256222
9180835339688
49174371157461
4226332655779
28097582013602
29188675705164
10862123479674
160657713548611
107454842463779
128789861173646
144118086341287
135350965287914
44153647903794
42963785520921
13366502269187
46230699542244
149842874946191
29799279340094
57201816511231
131216027267751
19163485022196
108981897809360
10778023516588
126090460328377
16685884454653
27634914047723
71504901485306
64914721125172
127804790902427
159755220906346
80307256775558
114277765999426
100230709541762
142543298186764
40212549897455
118126606777907
5934091652070
44702881882480
142364288535053
161069173159621
131135677091438
134392357261341
48945847583096
157521293960387
68722107051849
91186380898219
106314637522301
59353078753839
98594750149458
15524650682489
131481905258668
61699951838410
85763265836747
117586487624261
144931347141296
76023571447978
95471411202532
75090732468066
29631702293626
27275446498421
109945517918616
32536615903553
33799792245756
58330790204449
61834277230760
126003904233283
37623858809441
11377879832209
27542505435028
35291465477040
60849262261169
136350929354798
32331876582101
68890291620473
35526042213950
144293058399816
154043224910723
118456330354715
95499065797207
71399870907776
83994821041418
51863002201054
143710307302760
107612162114250
137089920692462
28770550349811
7132823332375
13534349688531
87710516932394
135483322465566
86944167509687
59031003156075
10990671706307
126453880634891
116293995881020
138174024102318
62260582531952
12680349705247
113926706367821
131841899541760
38873048757939
110447252364060
53413219645791
18889413432648
48130751054170
111410845822506
71643406058105
22057611449905
76616328396310
61280857068979
142455467703594
1382445827870
151898028091191
135676307262782
15133745515890
149640491797595
80165694909345
132514978753484
128236956638127
11265977209186
32333181409870
85449453167941
41246755974300
96813378758077
121418055001106
58429750091129
87409320251236
119924373144778
62539713442549
162535469780620
121920138127719
10315306312968
59868300030386
141552679259654
131127895284359
94640532067085
50452507015039
91417878572152
126824831497372
6156477668956
87671024635951
109666067898817
107613497554593
162166414350424
162553235837509
136592741282736
756819967664
120669543410054
160507733280095
79665550849402
110377747289920
39395621471411
62832939229801
53147392070245
16319591534776
159018275482286
23989170913142
145812955268826
74983894339019
95349225599247
121937369272057
81677472244555
55916329055437
53960071800206
109231267495189
24678311794802
123794181760779
152200319480381
110701866843573
46165729732262
52793923293960
159595697026710
100297009832198
12537059207470
9853909922418
38059517930674
94950553868617
26955566225135
38643109889848
16651239901026
48566680202294
159420568612719
13573071300902
88555691138701
72731626488750
52376871264650
92171468792379
76815701872677
118819143329744
86275283886500
98598852882082
40112378876989
97373346011531
58601276894966
112685942840273
140914405535219
115151600123345
45983679040948
41700912430771
122852543078092
156132207466021
54185231942265
51721977288864
9430073245499
67967018035875
53142142221988
125615448760064
139780512120775
56070668003047
74478448697689
38804566613404
137986165401575
145247226543357
161577922280958
50071114172563
2830207200222
6871826117149
128305970845365
97883885711866
79988634890918
155076898113387
78871048693081
21317948922096
92011566425941
43549152389696
150678871216754
107790059141962
51437099390381
128997979464538
68334394296432
126019514906817
91543619411909
148404167876897
159164656029407
24641107170282
118759018493419
89254229918135
104234956926318
88458843463307
101401340659160
148136504800310
125452122844208
63611380864335
20464635828471
32145953549431
39947770979346
39335196686002
61699426201608
115726374015254
67811940459993
89668948182194
153477623344559
159615654473531
52020045961831
113419793157130
102547477975831
134000172673165
17120610815893
83377868401620
159253625216370
124835643425191
74955455923814
97254521710343
86688298401411
8887894886912
54807672583700
162873477905251
34405352966912
83428625236732
144669383123454
71589271495096
52908171975358
96219079937516
113449680070260
112609677848218
122466984874553
35300464165970
146789959540450
112347508524326
58949025875915
58498842193561
38917854925907
78380288382035
66456807336586
12445286702134
137796780554572
12555261805668
107733796134263
128623021940569
135224931162043
73123418054355
97599499537805
160037752256267
91114589540149
79485484753921
28450045349457
110449513753797
80160953714682
29308110089348
68604388039039
85723739783789
159193960428771
82870382413545
3637732836556
105368797905447
27766406604613
125362811875156
66211692295194
34967339005999
44846406801603
126163070347200
152134992909320
133842882812525
39713836773672
97030398595069
64959058811973
51448680950430
9743326616111
96000843492553
86630029115403
127461637510933
36979379166077
106922986237277
48206866455566
149380007703733
77114106289632
19390344962998
52912961125532
62055207382616
116310660514725
135731705544217
160790168384162
71906540361270
114224180266892
90939158392868
112656034203711
104895357380327
62288985162219
39604778668613
79297826846511
161187656663271
81455171863874
68250923317723
43543773693409
141629084753148
82794528507006
9688932632523
134804081922787
77717275538395
150286796346080
128904692536361
19099875525847
40849286238476
4160716650449
109979338636959
51951952289761
4596030128459
136110158166327
162062035898565
27890082023494
33931207546227
40604172392873
75181253400979
85823664057570
90256933914486
13355928183606
50508105735262
115688550089797
94990831708178
61991114322364
75835695539678
32611743104812
141852335021862
151462899831997
100493986084106
19365910001805
127081809565602
52401787154456
62904974452115
90872960581344
82752375850552
47669346688114
54792741221665
157847446289135
152185246811185
26417239535905
134851896604388
158462361884275
62668518819717
7030674609894
33671854504484
29919695143863
137896420289632
135530830679779
105510354767988
11274105337877
128609064384332
97789431928661
37560550599580
139516640075760
43386007190438
12931453475429
71411811206893
14770617607876
139742721234584
129503620689952
132789944536694
118917527787236
125033449894106
71724353123747
66759051809764
37683582752303
159513533105659
108018861784477
72946737356738
29279398694344
58486835297927
157548650961637
32572729903156
107946790037264
58759370679364
115654344278137
32217901602327
97637906574589
77810796697443
83264901677801
18852979706261
89779467039825
110107312827621
162746676363664
94525381403651
147762790250589
91368072029306
19075081100672
42274448976356
67715731940758
8388976737824
44788844731317
25688083658543
130396232660281
121718494886671
138648952990136
24558400603042
112039511536833
25622617155890
132360694476668
118218065256191
92030289278952
29558527359592
62686159246828
114526890033807
74012370925687
84633963099214
2063284946948
62221409075497
119899701466093
151123362294907
157573931093034
20604480658179
66096009632655
10601803449145
112212435737984
153477789084442
104344283272003
93517383186632
141718083133950
132238367571555
100078665095376
103154914006623
107329296433153
33913017217673
87813377387244
161825169075898
75324604077467
145529453285656
43079814422620
112020009572702
131016887136044
3194883562865
126895048108991
11909372204398
91492327876446
63554950237014
68312084049002
99194866925000
121079222183693
125652227937472
130868125362063
140507310238465
111777725445263
18335850698597
162435912006673
5689968434604
158477853986172
47784931805574
81888987672046
126565923898272
108707622782210
65196557916946
60174639159920
32112780948773
141000474209199
81450051242002
12505445091396
158751620923052
110830469446012
34236318776578
50798187597923
119006132345496
153902454791352
139518493268879
52967491576775
154496941766425
61004552092379
37508635356496
91901435579968
118150478053136
43304418761853
701290261012
47741583046515
146415078385208
70890154106651
151726117712078
107798792554987
20700392153876
106472809161580
89973850442790
51801856108404
41788938254996
15851265461646
32332285875485
109127422635874
62933081569702
68862854800727
77794302814822
19853641236565
151961100807775
127194744844336
9936372312426
3300903957947
121063359473727
160874860658705
97804695247323
12208631802655
12560189198410
105134747280855
25577434979530
146754656590539
54365516039230
30318874795736
111244302064240
136202198436891
26954758053983
59653275512371
83822451850503
55322771517414
86958444607523
101762033721929
70306941818193
161212244982194
88560715917669
48791353822684
129618949535196
146211619259530
158409404975683
161544954571441
86673754809880
64819099110883
90728979574232
105824066235282
14884040238979
66035771306155
155260403293660
70521171806880
41713049956265
45573916400206
134870608420946
22766139882569
92716398745409
132948644453191
17997056417616
146150629126410
123079223745945
4530131825896
158831906239855
71810046930852
61714059995536
74361728701398
56077555107761
71483382446542
44640506066635
55988912248959
143260706856854
59361081239670
77653664210967
135982308437845
19505569788489
158732337865941
24410898502348
66296509438528
47209627764623
161092167472533
135050966366031
43922478030309
55439356096234
84558696630751
45921590307734
40909072740316
45927154143930
46029862035413
26700764486068
147164625094889
143677255412274
75614817230751
129400653610741
136172694517741
50247573261707
137388019780658
68841579904652
100717535320070
133730882090
37669253375923
73898687215022
71493042423553
80491665594157
108533688186986
50555531866366
22068224895385
156642408405808
118373684580083
25509712726859
4794243884816
7465729869423
7816766965062
34848369347737
69695076094611
99314381039417
156666224005538
116463518736985
2013678089335
33197105128647
102617586109318
156043473280914
40811840550341
23323697361946
157617427153604
95709036577095
71107219798702
13762699563988
121336452853592
21036312194713
95470616669222
119004141397463
113202671336823
74142279690986
161458879908687
38722281617711
129842293128229
110300444014416
149349029289653
63799267982469
114659532562775
118896317993255
156488990364292
1106204424113
4339694767821
4696528401083
136890077498242
131904083512572
87911757760322
105396170857573
118084940279496
19394764461789
124408954431663
64975535867146
27202706286213
155465666680266
57279938758765
154640952533076
49557367687707
145152858524070
8068263733945
157344773665735
759185328947
82612600698443
158770995037432
4638700957736
79516064903722
26565984528644
80445419515282
39187993575947
75906653681337
28942396936089
100617014044266
78840410876495
144481890542635
83260175504022
32950648329798
126292258849614
128368156182325
154657706582302
54184721946831
84853388353995
6707053361646
953288404709
90783730844411
21928252834978
48683083530590
138642803057322
114351229837364
127396669226482
101390516410519
19243477625764
114280735641538
116054437084968
13556313149895
83467497535209
74356387332665
162435240516487
26338271933978
117105759111312
103150566078987
32179906304343
105646009781910
145901849254345
