5765228746021
5080205433223
6713009138287
6069072270085
468684470818
14865229311190
19394636650324
10317378342602
3438943543561
15205275594273
13867840013783
20728269171331
3336004672087
6209407033843
7517394250998
3799401523382
16541270807568
12580642014736
15375125261285
5858944406276
7481219194851
19383783486210
1096086250772
19398136565256
587900931889
748578207962
3798354882185
5389034094112
16825399671797
4369630208368
10503151598107
17095877487688
9732045851239
14192246635704
18124844903363
3489756170944
10052677988010
13402645252226
12642286055349
11643804019460
20641582826856
7118977652153
13361983528959
10131573498885
19046440244006
18635686287835
3272815454434
14808052765296
14886213265095
14750665829666
13742075385545
11436766266638
9243721727394
8278293005702
3109038721411
4249237942522
3981939526811
14740821065159
19937014488129
7342317698445
16407606970635
20669523549772
6317624801945
6516858993194
18504490079017
11585888701696
1235751963574
8917710094531
1941183618807
5952806956658
10135521735504
8693072591649
10162650980275
20404198561847
13372332659461
11824377850889
5069229568676
429760741540
12847778364601
5457425480798
19312999032045
17250568456825
4683208059031
14813124174525
19092249411435
6668378329733
649544297708
6974097304287
2814410530021
16433121160339
6596788525565
12732919938846
4177067378735
4703818879460
15167825815831
17297273365158
3074843425649
16450049052527
6115209841620
981886676848
9664418574937
17668076539027
7183331331669
17782845294612
11147917797567
12781167681634
15813469980598
2259495797289
12105979935611
9100875151149
11897094869085
1132071687655
18545128092926
10205645647259
2549955139686
10304960226460
10673557917119
17837450877934
9821826556430
13959188596358
7810253090340
4136807822556
16566486132225
1879820109819
14075130853999
15333357304262
10088013795145
7094075490374
10365970839477
15947073097733
20936296847405
3363692853623
4793094930501
4357135076210
18532343517215
16556120622221
15066345742643
6228561500856
16267155270765
20808355160234
15353761541945
1753442086860
15248469032650
454720217889
8986264545058
7724748966850
20679362461347
18269298179189
470938309697
4798793792527
5128192641615
4545726311089
19186347176818
5279059825709
12198591462147
9289761975087
11254283098528
20345026695154
8591107531325
9889570664486
9210056899292
5315569455923
14263506288599
15564030297594
5041989479124
13778520606048
17660537801864
1185369189996
8580814059895
12062718151900
16478916808563
18085772919117
5147190166801
14777931305284
7767574902972
8531117663629
17990300829833
5900285032762
9784456362036
14516606641103
59332583397
20584600886719
9280770922510
4423218852005
9084188503661
14876745517785
8983904943995
5283288823467
4075011347493
13768176250529
5678337104044
6903412082160
4764842367639
12837162346657
577630018324
11864490134262
4655733113804
431332204201
2735596182808
12335793085751
19125292343415
9627180694956
2219875222071
251717166959
13441316153942
17531306203774
17119306392099
3845894008891
19373022499767
18691971872593
16990861196884
10442744596249
9188339189519
14835712825926
409358796908
5550623323911
10951541338439
5184120623645
12064555736579
3167152972507
19285362110516
17547042578278
3308111291997
1764280360832
12983288235468
12584689889966
1818313586427
8509587841078
6888070091783
12439627483712
19074261849403
14076450699541
15464915522456
8670537778557
10003886991823
15073803054684
5688050756145
1302319410302
2954423182452
6387952695714
367642915502
12803870792284
18062603536649
2402232206617
13273244088572
5345985248568
7773872224416
7441497398371
4723918368819
12087673413837
2490549331416
9597106858877
11596156079707
18093177507181
703111245775
6299120263465
17778489853305
20112187467452
16734751622819
12462751334605
1674378445901
4924673240951
18226483407959
4076519837896
7978772227766
14030892560312
20526601363944
4305975306987
17383538376900
14429406333383
16219245787831
8999957779039
1895568380065
13160499174866
4158952940205
13416923861791
816260194425
17243775237578
18973551792288
18487691515569
4114482304606
7992284407291
6842602313462
2116994737613
19361866878906
11841525289771
7155903659956
15317753852667
8486644175063
16265903822697
20789342802638
18082288974062
712713230491
14183140272302
18843047825144
5714650481051
1168872406223
9153207932679
449333355570
12290287163843
9227341982345
15626091528934
18697712620379
8918930386927
3016003684066
7601420466900
12305907484683
1806953801129
7149277902670
11763490685752
16772463169801
5964455887622
4427320405747
14989972602870
2450391681855
17211113626951
3308861819331
14682626624316
8548815254659
16730735155590
17023548304226
11496546951905
11736296554266
7347068249704
4048937589166
20373009933563
11652060486069
2189527699851
14819718747509
19000299458676
19918946402540
8773506996920
9099728633212
18944815262784
16678405852001
8216272825373
11991122327324
17767946020448
16027892916173
17491165844876
7494316014104
19363935977690
9999473550887
14882147618264
19791666425982
2986640343040
4026697649698
4832480477004
6441026242027
1776055743318
19606810882476
13040023537759
2401005891826
6460671908487
18551703977757
3414601574623
5324229764703
17326647085721
19659632446034
5514503740102
5538834294019
7566549314140
19640781094480
8373088617642
20150263985476
10521667881488
19275672705738
13001244424074
14292763881983
6424993272497
8499915495918
13671175501769
16994756182592
16745130840782
2301532853603
16097518055395
13820787880269
20037043733797
13443994043862
22525680628
20907017016823
14308258689023
20486910549456
2231482946252
3523018846929
5927296584853
17475477472918
8736488605728
20141732067460
5335035887312
11832919111935
19433085573025
15353591280819
18456812153363
17954869488734
213457827094
16619575378885
11649306919257
6583080344630
5739790262319
17808982035009
724317770700
17207491672691
16189376661345
13587485719786
2502369462087
16807143730134
4894820054830
20115278123329
20587111918754
8020372793184
2122416205211
19102290168366
81274061906
13863977907243
12904847606053
971191221190
13664887791628
19406027527982
6309548696954
6714276527567
10691054209831
12213035343291
20576182186163
14464391072342
6621302887965
2330880899287
3005162276336
8701505332277
6339670527283
5974543953008
5640442446598
8021552729779
3018720543331
8495255061531
5338652453406
4224711931169
19914610856089
14196735846371
20367670474055
1567780258960
922211909680
18738313269556
4387015631870
6798331498255
9350487842146
4257655045331
6912076539273
10698552825675
8329786060156
20519689285538
4989802008554
8677191252046
15071549708374
9653704721035
1856353378633
12036244497593
19060677397904
5924742752143
10796440677758
19442683695207
6271155499366
5933404734452
5043168846543
12852513259144
12841718517832
5487498558911
19394427520302
17702163962642
11824480484547
20223256726010
12162381975193
2536968908842
5609574825447
13287006154679
14295802918212
5691564604556
5891280139160
20272120984142
7119644739285
17777339969625
3585519683047
403227394264
16550508422542
315222114788
10075511646683
2032668850456
2668191360080
1649215120957
18217866868081
13363047419564
11934217900140
18121494846143
18251710735969
12981033232394
11432325631547
17146446512806
4922782694486
3086026965179
19649377056432
10131525420290
5111375515720
16422820552319
10792916155876
21036519773331
19152692712692
4378337301045
13574738460266
5951868174503
1243270967318
16703157680917
17823941470687
2865273374981
18453468481167
19328790826078
8320682016252
17762846994245
6710017488844
5048601970667
11550465616528
11494414500786
5268960789208
10980484601410
14801469556761
3466420426722
17274809668067
19535352405972
11176282508694
4031598928444
4243327175059
19122734461635
14106872593006
19091225258642
9991945628180
20743692821885
2180772440608
5511088715852
17306559014548
6733957118602
2955270329046
2366923823514
20660341326632
1579599752591
12056842628970
16937195933825
5334568583966
1981082292917
1106409872284
10004499457580
13301544702933
16073746683446
9423419406395
19618060642490
7845540594545
3759138109669
10112091196997
5515546936659
8007226823279
4279454801188
7979889333659
4984932357665
16984638415870
18837533787705
4595166050082
15262209854316
11799301671003
10116142285455
2478645720244
18075033533057
140470378666
4200059530657
9611164969532
10659520171895
6706604836277
9514961631964
18029325460215
3417547450421
19519711311963
14179847564261
3297813950521
12777636650247
17354372519817
14321034015275
16489511094215
4041213390780
8168937068650
12829034417933
7874536926073
16285755336358
2904751941294
5925197321404
3209650998169
20947945952576
7321824410734
11910385452458
14914446279753
863286778252
19281900477761
9474099866956
4146076528450
5824946569730
9836984377611
10711131340062
8764181957424
14984613179735
13521680594826
13057834759245
7780730054314
10283171657079
9821159120038
15054630621280
5407797105256
15277092024647
3214617177148
13018234803329
13529339092963
18530397413326
7842423543800
17778375149794
20195448291713
12668852465287
15237204024772
13895006143235
14244099005616
17740620790766
11535302320668
18847395020251
9509166744743
10408076279472
9093107195225
2658846705091
5896356519048
19970307511053
4583430924255
10225419628693
4613243680380
5485841482793
20404706096118
12558025261902
15498915887117
15622870383797
2121807770198
6471997743128
8505457275038
20621463511443
16193270303740
1276776509967
4430270949118
5552186169684
11879215123967
9054152323174
20999300494100
13946451433142
5538409462692
18922320318122
16925192418097
1913455290491
15565339302376
5504691920050
15550924267468
13037560365015
505244322746
16888403881142
132850539597
1691775402724
911689306070
6592247958408
11815955148847
18334475145012
9987530025189
16933274336427
18215643556886
18583715480089
601996329297
3566772607274
8199819603843
4372388088534
7169250432912
12218931258645
1832738870813
4867609114335
4357116300523
17283763376084
18280073965029
8164898465585
20894445162539
12368936312400
18408566192893
14343511741185
1399134421594
13318740790136
10228174059921
20746364951900
13679358150499
421876136865
20144468409205
17039899757072
20797773100029
11799234615502
11386771851684
12930761623828
6192220831649
10007549139110
2659902577860
11073513238695
743237335339
18242857893256
8029547911823
8507172201674
18342508986214
4301563712988
19265391460462
8620073724289
5949007661662
16229989896272
13527194573291
12951168702352
13596624357656
2708440898146
19456601680376
10290709261213
8788224568099
2858545507591
19593873404293
16219213394788
15922342815602
19966293719031
436963325840
17333815256657
20670148975314
15082883063851
18709312483588
397727751704
4347168207711
16810975852627
799797114556
16913240067543
16872543671913
2683089376711
4589555620762
16218801401107
4880905450142
17492325011887
18070947735478
11970613543619
6688838410709
5200496989379
17295012322077
10525917604808
17281286544439
12538341077978
14502758871737
14875921535054
11441586700816
16007230285092
13079209154971
6984966130753
13933098848408
3322159733952
20083591218146
19540553271007
8252776020024
6419583564583
14587281805094
18323749306089
274387775560
14164388075143
13947914153861
19129860535132
601433702769
325683432239
18593866230014
2134552473454
14604406223249
84679146688
18123917198042
9875622817027
9468827727931
6465151482881
2707430768153
3174144216462
12598594514005
13424297942487
1777382178434
1834353736125
11100955731354
3494891344164
15587884730222
15247540691838
19376773956820
15334418103371
17856747377203
209030791718
2825546686534
15233418370142
17106874794225
12514092888589
19247253525975
3604447796136
20278990041183
17401206657684
18738625561856
13571291275053
11690022079374
10874044245495
523513753290
4887600336638
10032339769831
17122520726744
14019003489011
17918063725023
4549017920848
8043750357704
11539301106137
20414085794587
4537385837436
1112132903835
20519803398922
13495419944141
20366841244877
3680994638720
16268273582294
948855031142
17602729296393
8236272012647
12549616086944
4569178754803
18830109418461
4138032588521
18191877419989
3319952444013
11603950402219
4775671913256
8634320849353
359878416113
8190321540225
7263608789819
12991530262494
11124550989463
10833223563327
10382640988876
831500696918
15634240547748
14764446122146
17504497528266
1036189672310
8322618861917
14163806173043
16215818724821
17604191585186
15341708895151
8849560202227
13895933773814
9826015080080
20722479910202
3158293403132
8013648001672
13373897082059
2805815180905
4132305132870
13222528026963
15307501222493
8502625845539
4092331089462
12023806451219
12274713354612
20395732332168
4132350850988
655442706513
7630377015156
4388531888861
10768497062502
17332940113763
5805359640826
15003901597946
3038658233869
14925645460127
12541474683075
17495832383494
19412957284935
10520917627395
19262923945330
16068571060554
3875726449027
18930567156137
4924909877402
11000128789310
17903802478941
7192551878788
9424477288699
20987006571692
12640593251628
14538956746858
11147589606321
128172113596
6144639619306
18633637771113
639813492416
9134066412680
886068647415
8032279388542
13501046147986
7910120581518
14400077670806
20112104326804
9975083579101
7301273320342
11886208227568
9093195542089
5078342486579
16534996608862
12923046497593
7562505320117
9363857688571
7228968463906
15145043930942
15485485219385
20113598651523
5381177470804
15861431670865
10264558147881
2265070614664
17746062437087
561044519179
9022878616233
9292792886741
9887594319793
12199278937227
16553289119749
10472830951160
570256292665
18028711923610
14145054474432
13412717922442
13035583398635
11052050338967
13275112890353
14244022203601
2930165322339
4544520224535
8014069849705
8575423208445
19670155682162
20231302368091
13612304088837
6477800406618
18652418481304
2556999938064
2478517650412
13736875787506
19796004979832
15242996910947
15011426137764
6694120390790
1981129461455
390414812168
10387612907544
12180260945103
11402671650318
15359781825201
11636067979346
2951683616681
10913890358002
770760064610
893035811025
15283358645845
20265312453361
10608256505253
8547178038919
4439659614503
12592768692272
11377485389045
18181707967559
6165127005297
11336262448501
13845966524054
10495648384946
10294853882697
19619407075734
18524805534156
15584603999904
11766312841186
9423284832404
12118411531763
18016106958531
4781357115931
12592409256391
12312717745305
19464651059776
13398496143309
3352328063272
10550884256076
16347393072294
7311028568537
12446814038643
20089190339991
10637106121633
15304674056260
18296495135626
12595167830540
17765835599488
8832245803214
8747903662591
10972434956794
4737646630925
19991173432399
9580505335073
21027892329490
517631666044
12676948507124
19211146432669
20172945334678
2111298892407
3174143930467
3681361904605
7213302885836
2002928307509
1974373384573
1001320431869
17979024462366
5564336600309
3772829850087
11557322538056
14458455627628
