215117842
23679565
67406629
229263051
47491808
23527302
59818968
108850016
186012040
182173265
26256966
85426246
29729489
62544256
156265368
169485827
39464809
197837315
150300401
75633452
163326349
135642190
28585741
37726740
154281349
114923544
148083499
18768794
61667186
135053028
108959716
21960637
218842923
4511622
182802923
169205543
153398774
185195178
27388596
117906957
172023013
25792042
872631
125623483
6786274
191971908
149130971
111503868
16135127
101779316
109331271
198306550
23984568
210981003
164764412
71431357
74792449
128301351
83087070
177048927
228537654
29946813
200982100
154357006
135376971
200539444
179175933
202242186
54251089
166334143
25859362
106661657
175980343
106482951
211053114
39915673
7421242
177200890
150017166
44272619
102649682
66896865
94870251
90066878
143302043
149246383
91174199
206836111
110169444
210217331
145904793
54902401
11607171
44653048
43519137
70990423
210498917
162543055
171022970
58850688
218977032
85853515
172812330
222256513
137381021
160433562
134690596
136749169
45512304
170133568
220105347
70708360
104913811
212138195
57266705
65945046
87034221
37492615
216542614
127800895
218277290
130512833
106674288
165226827
64293401
112006760
116117641
203435375
189419967
132573810
197394535
216868003
80550858
65458686
132085803
57841791
54921467
8970467
166080957
109822154
89592727
185771541
131084475
123044576
122683019
113062675
137329572
107535482
128187848
207809520
136496147
82207984
89209510
79272780
112096432
106414732
26123327
137778224
172659874
189492974
211313259
45028621
210666172
167291888
183346557
149977433
84240540
110464716
46199040
65705514
80590935
215688152
55042615
95205562
40805515
41799647
31591471
181889239
8668835
213808243
59973139
87118711
43649543
33157865
201237783
65565313
95635907
142754713
28538074
172407809
212049741
39951840
204014053
48103714
201862735
27079956
3414464
36826467
105645953
229611362
179414853
113381937
58217387
39997309
111966091
161064970
64996201
45801871
60702320
38193030
229398624
71703876
219626492
169793300
108715686
34867552
16223265
56500478
7129901
30733058
36218804
191592837
51293541
80518123
16440031
18205593
217953340
15437427
76792754
103664410
208602348
98123693
193299142
99053063
77763603
131295631
86857062
206193900
105083221
194156056
105421625
4644698
193614389
34716138
199378273
127166892
101076253
179469250
201183499
83293784
141606703
198698890
63990253
35766688
166861428
126086369
83763286
160516435
141972235
172792625
85879793
182949048
132907772
28674275
180109380
94153308
157559617
56377174
171748869
19463326
172899076
81499744
134734388
221750145
104048176
27773277
161350029
161677447
144246393
167783498
192685229
80294525
226949961
82649496
180915052
94131691
124089134
29534678
92920089
185988801
114849410
175857712
181271662
122070170
195492987
111169537
130194966
211558097
126399795
55334836
163236305
90239041
20943104
206664798
197069505
13381963
4473750
26681068
98401467
36055664
65020120
126098705
103081503
11501704
37210059
214990598
421089
111619335
168185414
53816670
173659791
11675204
50752955
74602230
178076531
215349608
172978972
142041717
91409850
42847158
2351350
203566029
218198316
159056069
157914897
116563265
85401480
170230426
212807660
90798644
172254963
30446374
701773
212350236
28047915
88166336
72272598
46645910
15255034
107655218
201170024
124813589
173764144
122813306
76349494
218723013
173712940
12051047
221351534
112745808
229049892
115979449
31603746
214635224
42082022
140473533
31752024
181335740
168667993
209177039
192207346
103253486
42721292
129035723
60839712
182022702
182126711
223798926
134288407
9754357
182686054
189735718
108672936
119040261
117990455
53396892
27563917
186633555
202937071
117368120
205056602
141824824
111601697
217363967
130183083
24160439
48511296
181894342
99482774
123868484
101602251
226538396
155984566
220796223
34004045
196863531
761396
217417364
138792348
199039656
62854799
217483168
157508244
182274109
40493233
95818917
102795827
122188034
216138972
195956217
93966481
223867544
125249881
102727460
160594345
162146055
165794756
171731018
57504279
105656087
1653033
18628145
33462191
152095431
142082818
222394532
118072803
18007491
106638549
158992508
2265199
207726060
49863507
177003307
21546642
44480515
38843890
176763916
35994346
169182946
53061800
5082009
184685873
36128960
230133384
222141895
171537213
77434334
68449217
590001
113851026
208759459
18507757
116027746
49846427
150733751
184096903
26144010
85286717
74985731
138979503
215351872
79947295
42186483
177921996
91456588
166032373
150169626
221475503
229782481
116698507
70789074
36816762
196924913
150540989
2732756
216363913
18078121
199882661
78794907
109178200
136149344
116100780
181286532
210841555
194908154
148677385
36361242
8137060
161490674
144087745
195862320
230243585
11060852
207822490
9542023
78058882
68793731
154112297
80249742
119774004
128965234
