57264301887
370383142163
116575370140
405256341
498301377089
101652382333
59362754745
75360217800
361925039684
350933649237
536849935945
99200926625
478007696558
445895417389
108950281186
217547768338
195629540762
280696610730
48959221781
217753479057
282389511083
358065697170
394674862780
7063939958
387970519582
283042918770
401084428023
388942187634
435507304766
51743711223
306458316585
166738372717
48140675023
55898660003
234443607116
228227939862
535765273852
289472841044
465401239465
377409935037
380037418426
60672493476
455620341326
388276175962
467585470854
463384995551
77525482669
117952057492
548458520839
402600038765
116916248987
452525280629
196048295842
534107615529
138873854356
481478116714
174406395027
329935059567
520701141274
363921759802
329652213472
507880022758
403835228512
206824426483
276695741508
264779790097
402545148556
308543029079
277994564927
19445945101
218425693890
129252400038
177349244360
397496320579
519416144327
174006266327
325271219404
458138029892
101956669817
413482262648
155433860338
135989005056
98980861784
484280386966
82884342361
179003727107
316035864309
377773082549
27171291696
407049488785
23677218985
152524315918
101558981127
251348350498
373735302385
111375635217
352664646401
156920681130
177823437630
448292348924
118187621361
173398337419
303553349234
382798115421
528478408017
318661433631
269718306256
134492758667
543972660158
245823390342
124407309517
124319940512
523297624376
45250449246
330509916622
472158231850
527624535610
55010168713
433845180702
239344709769
162237676019
133907453119
71231489537
391514716398
316667394236
501939425299
18162304126
17199941290
528578935393
123080194022
400891945709
275059685785
272487476783
333666581552
448269847824
143501340156
530664452699
126963437178
443611450472
444289251662
65179004771
334968244304
233815223591
535941879214
168400246165
83177691461
159850226315
488778253898
92914007809
14764500938
266391313369
68434364374
209217233879
153707719826
254037922127
106421721537
343294145261
421388829197
523677198118
480145999039
247988111584
261551776730
67674489795
440959469265
301893027483
178786335702
182773428191
29500058825
274175754785
51314035326
199434096193
386755655406
198093328940
146543408594
215690661325
23146731198
154865574107
163638817291
469192580160
371398338739
243993564412
219606254959
283440127154
257439633303
506122277299
160356934985
247756429629
547850748200
494026340262
527001135802
384069081244
442078754301
388040836627
501159731169
321335388631
547202466027
348107925645
453896450974
1567336944
201589901466
137485060763
178144601456
269723438794
300775615296
272708769387
186156450538
288703743162
191811763830
512233433756
119065299153
3008653127
340292256703
210451510759
224618139714
298455784009
270224821483
146189655852
418791433196
216446352528
60661141717
277791374015
152830151031
526371932360
91810427129
7019659443
121895933648
213743891303
513418322434
404630471254
498853037959
223064519145
48977401617
490546781704
181727870894
403910962027
50942282132
377957402704
461909233703
536008964867
134470487702
414323088418
132810854209
318026300957
441256655731
393621651684
14598422630
31405891674
430993132828
89904117743
237147472859
327040183735
163202266038
119488355938
214271686513
364440057585
497773443292
188647161772
490588512283
504852759761
51836752447
367608693418
155926540532
376135264141
73259130673
212841245602
462739157583
450837414879
87371299285
26567030107
338719620491
48221434581
368733802277
83777150845
435669535864
329617551073
267572973473
34284604148
380221592982
226320371625
4112966488
421463609804
365807054717
513698663450
484374614772
251711168329
26262085284
401721449694
316295477327
448371892185
547963347197
50024149550
464891597112
317656342995
16492110447
414850048493
209741902791
441425131939
463142376460
88488980352
190936951663
295133333957
492509465419
416345186207
145090493601
231249909547
107195638788
389530361740
237752736712
296354510197
425755694620
47511561503
290178184559
152998555991
404435719815
408608353357
86775824325
493379589522
164934024675
23127345228
433338031822
528709143220
524415245828
506130910000
545712027737
123971572815
212333242572
430409848078
466281827934
476466624554
521459595565
382453151109
299272696907
307646603773
549163859439
427411006340
276025682844
389178334678
246287388662
530875625226
341232325461
210024680591
233155541113
156320956829
539392628242
355173496501
10281295863
323366176719
191110264001
76184379191
539086344720
258199628370
129764178024
341793853669
251550872415
493255160319
215626187916
336312765810
175288988266
129572910748
515463180197
287643800912
46726475926
484659239603
211919718963
379197458737
163980195636
317348157694
354464189877
504842037282
148542838557
369263664192
22640426502
139241043342
413499609547
47986933404
94488212468
93705483056
477357149744
373112182460
468786182596
217768425034
181872324090
344268346937
10320109106
360326192573
63838323444
326766611397
78573567917
173141523526
300593828621
171440605323
204119266408
11247801875
413334293993
115096375020
34335214301
107082386354
40350071130
81127700342
28626922790
179792433626
254028875426
537083160997
272578512577
526124513883
392416613396
437813536633
148533050957
59375865774
107421062890
433699265946
480330004190
238349952061
542470333041
126443166190
389460335270
539632502050
340731871173
540248176682
365053784354
180421296654
471410861943
784650315
295832676732
368132039711
130925898844
249052768899
314266490420
320871939069
2379964961
271723420597
476419586421
533937912566
297072867634
172135007258
284259400321
98111196507
523079209043
242057742466
341741347783
535788230775
352166550388
242158468154
502901641227
440386863630
321454886763
324198300191
195221079286
70840123606
2492682774
464875894195
199237200841
428784879425
347855824355
32079460134
469397434246
446618805964
355878785363
57186506887
358083859878
223480415325
321140524731
289618513668
348960178753
502598462729
278961151499
349435738581
52076654397
362993352978
56358803774
542212947990
243187230837
364696419681
503419154168
243828001721
342358718352
131203192110
150611079683
116243613276
234012330642
426395788401
84749882327
98660553850
449607694040
415990691786
401387095023
268884194581
530132284216
77718082647
264525850023
388701348548
414251184241
408829660089
261133822855
242589132315
463403082472
515011805031
489851187009
234904721731
505262379178
3223872692
309711775240
416287682984
99517108807
427367899554
532156875021
385333670682
323420939989
443629095411
192458716470
170677955938
348705900444
