46383010
175300262
94478021
103171850
197868113
48048578
71966867
125054269
144162486
188049595
38312720
121554432
104917827
80667599
4180525
166533518
103281640
156703472
9760820
161589665
170408445
216116724
66204756
174453961
65024126
182993022
152382875
174353265
59313624
142496924
109013895
17176919
19504017
84617878
29186214
66255960
134580247
12955808
208785789
127565793
93318330
122146458
47551184
130885527
10555771
46341069
48091639
159708469
130823354
53663968
18465385
133591955
111636666
134501909
177413765
171571471
31206966
206226334
50332500
151376474
194344554
20417139
218462092
37929139
35943640
151293479
102428739
51951069
76307093
28012173
124873228
11505373
177586484
199671557
53923514
99185436
228797555
78200490
122333615
200532817
74432216
60113486
216908822
146745902
149986770
220531343
186734964
86432609
20531737
143153991
3660088
170303424
104482827
137510513
114519931
7409246
127427025
56305821
123575473
121870617
3822476
75261391
133928364
83080711
128185506
112571889
113997903
13489183
64803102
145757217
92832573
184190166
60381017
104833741
171503672
16805543
223274094
48445931
97414211
128864971
138043441
55547701
82359286
105873281
218120198
125116048
146355336
116957668
