218500316252
411650490568
323932789194
90939922970
293670682608
419211047281
435625601292
20466936948
411588877418
224393181151
53430156872
259260670792
8640149738
323694311102
483602910525
77314555552
105351963204
113594105829
309839010885
287896858814
547208103776
391048629714
276695095857
351116123790
222807575365
123382215601
127279633048
520101211938
262014832875
174033622502
330389557147
146958155699
148874078824
319823098411
252005769891
237913771963
218048655579
127817281041
419248090679
299813877309
325287038514
546784169725
534491633969
209029798971
128156021286
447769572784
214757889487
2376787784
50454762121
530428859490
507021106693
400689562412
219269153149
494361043860
429873605905
390773397942
540837725850
168656884870
470847011471
86958418560
541440633920
88585048264
73597185830
381877478687
24797995560
343396518623
544565634325
184178311930
246376418449
217098857267
316535092055
450222858649
254090863992
473093011818
349808216378
98693189593
203724967022
164634603109
347617348256
160335193897
406374669344
520680673318
441883854123
3317668814
525290286184
443596433209
517758221042
340916413422
360589800440
148649400697
165728478689
214336706983
67022817878
28885735687
51843286226
265011543892
229335551763
2950504964
470369766394
435509861058
433667582312
219225708412
397859412642
246046600350
535281028920
350099218980
134548817138
483965798375
206769263724
244946902815
285812855318
49297988501
233559979388
382823035682
281500465502
274597313788
84131296794
199162518970
203177093963
273420488418
210801402153
238762822659
383440281476
67842654653
325580909126
332287155393
265354671980
274188182159
148007465069
79525358533
310674868340
20744971448
350802586287
243809405036
106705789102
142705569770
294987777822
205559155245
363308015495
105401813173
461173767693
51684229572
282010664634
547640502895
486324942651
536074556864
138306112479
465783882551
37321932031
447257478826
411502872442
44432889394
278131608178
103338238143
369307773349
11414122747
236337299040
421287187416
287052758934
278546311517
423668412045
186247878741
109613806801
201962392154
1584016290
145283863488
86360905256
21703716330
540661419882
526404649710
273852412935
532179860153
399354549375
508185833834
39349815336
442804485146
390239343547
536773902837
369778102235
200291011096
493628534292
100224802731
409221014095
37723862961
513246276662
517415094703
502769051877
490168319322
170218443837
325503867574
266539628768
338059840609
447478832618
16494562474
409262809111
439750038722
510744665847
270014007671
232181388093
382003710243
252367158250
497642135032
453787744198
498503286776
241072339167
502969269392
426443631629
144802524031
101489304046
212869787578
430313660613
381213367305
338807710969
487724296307
108265287069
298389605516
8739458747
427569340548
85661866117
288923760705
533560450448
313922197252
43421672598
183531837305
220619586980
364570921665
141813965666
402355239205
52771690677
479853893517
330345943419
34485160158
432001985354
479255294961
143024692165
156711783850
88844523493
286526512068
81893465319
532080054018
421217247330
436334644239
141011573909
491907133867
65267345888
387498737677
43271036164
309723414088
110746885889
129967575263
60238148448
465040944671
338017905077
508022609770
392010932718
16371959393
497396115388
384491734816
378021790538
18693417350
358114539511
207485149807
456519555857
494924727255
224621165578
131262295016
361733544964
241753823697
80995341238
90823037774
73667002127
229714933973
254154452398
101512683952
249669342938
101015821274
40013221462
503079152936
123329463378
68724153423
483842292749
180075009076
462562375707
126827818847
506769692920
75707384937
317343171470
502020534660
413866585869
285625913394
92482690634
385987763361
47627244046
176341704891
408884382917
174187168654
308869589690
83630338279
463393605826
110773063903
98453476774
297421073330
149948844453
82858309854
341971096467
375912286726
501901092660
422686948437
351221571714
84504784969
115095435833
507105613632
200567090915
78475733825
515546826836
430511043747
305887354765
442040731681
457219620620
70266403195
199842380110
221913478073
328616806325
136514346008
80188738449
259055976855
489356854350
263515200134
527108552676
95253376016
176771216654
165455352619
395114204452
405369537134
143925612384
326951986300
293536967140
150687564939
360279623374
438147082470
193580405287
257276962275
97453422766
198037406025
184555401951
48746649916
41681239642
432927822965
15753936006
488579852293
282665274086
195692744660
166686964726
79299709237
55883711522
388376709013
305033501700
288451520819
526491147332
470637466334
7309363965
311370599271
124483827028
333695520047
155689485798
325059916467
180782201584
95285498681
128724520994
421583685248
539327744179
46674704988
290393242110
276170137680
345417304624
80857542593
26667693115
283961997453
267712869887
306220386545
251898297588
175169279125
342035999639
440499876991
240196692487
402921404840
44189111939
135169584445
138894780312
341672066548
22108267047
108149830358
66485615050
99392930155
400413832121
370498297547
475085477158
67234447395
173774592793
197622877870
366451772612
416206893991
309848503107
177239775614
301815160680
193093770782
419698643396
88954216088
466019197533
184360094598
414610792306
485414204005
241996077840
56789626361
214714050040
63343301568
63472780626
39397872102
419505049386
172708662091
322776741468
90597013977
508049963708
162766491156
168626878617
176590164537
1287093135
448243458457
367423478445
52473058172
54455428021
279730774864
325555182040
80699846850
307566268321
517986242642
19087480313
523889470541
328273953580
11768227778
208112228371
336102983915
440235029526
144084521998
501325460023
537550109348
152928579867
54967422418
275324999773
301075116958
65971353641
234327247505
54211794309
371390070000
260036299929
499304668908
371365376546
182159004240
461477970642
96408484671
262425099629
263519127993
412837029257
133067117527
293109558975
339913887178
271634275762
53980372288
275753098523
453712125298
394699147048
358563083853
118793923642
427127149431
519711399760
237898069997
125601593615
66209143760
452478706381
107368378582
303255665204
292978188361
230737015919
84146710772
405568272881
151775794209
456221000698
337037827433
488050029701
536750016445
267586437404
297067851377
373738394458
292616212488
327355414681
152518658701
536318495796
168906727656
85654037828
346988398068
526598798990
4214603262
389310572442
29750683596
10472240806
241170354602
184472052992
142157149939
245852218709
484021391880
52569124731
173030601968
540030152936
81169613797
390549462713
252240267921
232184616990
210589746252
273545646324
221998309155
513385373437
289386905888
508909648163
132104357187
180047823635
356235020837
129460392107
432417509077
547570873477
361196203570
115572497121
378831977633
459682976593
229172674028
372578384161
90048778870
449407428785
191623472170
180154787230
441745115715
187111205083
504067504898
319111486186
300227593907
420646635425
79168693998
418572280928
40023364269
93091925993
384486455648
535992884756
177238445466
423206297665
503479266762
463806894141
454565913401
259533614390
505180379741
356759544638
153746818640
71167586724
198138050740
219710661630
426667839470
144312147241
538987248120
508493031278
13661897872
198765805688
361367047584
224595358789
409789820306
233507046570
506233736212
420015953711
78937344649
495527359046
316605999476
354274460775
279159599911
258204286057
489048118406
190436497859
164664731895
390159875106
410061792743
544362782425
155939250820
156048055031
49005404451
504920753999
363700630197
29936319714
548672966093
383453402279
20736614170
350536376825
55875225944
214239515454
87412387150
201722977894
203674497929
112574580767
120570782807
146748447642
277868558556
13824129201
425351413151
392707069529
425935735701
279626474898
390699692173
24449268464
70178034234
510844844515
528579368174
541984879537
390216832009
221184274872
178364013640
538188928473
229170519278
44041583526
458054693430
389994418417
86050021641
40311798588
466110509977
109753303078
511407817445
165441887356
352627309936
58001635991
405632877497
276958929645
505999441133
147582358810
250934499029
505442338874
121698809856
416542783346
190602905741
29566491667
168920204771
306405977920
396370277979
184968332738
383643150922
414029668530
469393382954
175129656994
317240148186
525729177992
419345696865
69028364870
467417550978
312971676234
436013115120
533053132264
427895350735
390376381981
229115538526
169952381443
341477218834
289635091675
494103009327
332303767271
13507727553
402974365082
386565207057
307370438053
357128576039
406714850403
515089196835
540493139158
128812947772
217613467293
292868356721
13311179956
465453933857
228543435342
516112870305
486225180665
183191640389
294406790344
381834161715
518045330629
363536214867
435354055638
42187263324
461362456175
239471234570
549392947309
208837112200
55543697487
370214314446
523522168979
285034548818
102695266787
299727972329
485821077421
381488059237
390166231965
24638443189
271634231299
539407802906
234682168713
47102540874
395745786549
530230426310
217133430130
310115626225
59276431369
36021464041
265881860854
43654222860
206268865300
463403847551
261664673349
388880029379
516966554217
117653048293
377285925537
196029507685
141820900517
293137816962
127619687588
147663279238
133083202680
208057011051
520254767858
509557893842
250795575727
93307968834
465950563674
509453448505
405702029553
415745854746
535488399078
20026429816
269918126737
522406045706
388098105357
326114576961
288664980399
78184177321
74831504410
100705719709
261394152708
14188905709
180039853212
513583956136
120461766356
179683460520
292217412356
292812290225
115525487964
244576499829
379404596759
450809780934
41829253587
260648600361
353162684854
31175825602
171168222235
488247615435
392025102712
320247938889
357221373898
505233905566
240488788635
537148635151
442701001096
80747980016
87320286566
406393507977
244204160026
541650334109
165334072030
326148749204
489078657201
216845571441
470635588195
297998497832
197253384204
24962215989
14674451377
369770425046
336023589455
372708239282
57664124737
47956650549
139173599789
430778336611
471919769008
67075574635
324391196442
12563062178
311330321465
84183474269
546817630067
417151347870
547285091974
265637529194
434727738583
538864650057
225904835744
316288611832
98860621133
126085215890
31696539338
339271257246
406321736945
393296593257
319521573872
434777269432
81284966891
4845999198
522838773041
527190793203
273368474463
378116689763
329700463959
24780219183
166030825444
247565659982
429874142481
175527209927
482311674301
86067656450
530961278064
173441074361
218787847434
536453052870
263164552833
81113838213
464380738040
274423605170
528771816270
266358278903
194867766842
194172345156
202089599835
137887057967
541859520325
479327687655
332841169200
116402756922
144372547580
304774311795
236465980812
463550023948
325633394637
245897768245
107189661496
463169593784
424185903195
61203399924
102874795469
87155821063
376118532220
530483723638
462288047609
13372629290
116115461625
487695451946
473871117948
165549423890
270445053018
432927153462
217001650733
332381068663
49643942342
253362309142
170048421818
498709640512
145683435258
26439825348
334455131952
547535865371
423357081970
483504392271
273508984301
220413688823
289964113836
90069653755
494155980248
392209718640
218910951233
39933217235
124980432770
316143439092
243369088330
369207544113
225607137126
110874680831
182543998755
481771964846
202598459430
353560290632
106823979069
513240050727
104757079593
83555044088
354910426952
351076153950
23335923154
310489098564
442046147500
368865396881
381152518949
486333407814
180646442342
434512517893
92227701597
467343518203
336848682054
25231264052
324685177086
486103701322
69368106166
195499103014
145151000615
125401156447
185269102653
166470150343
273142011670
123215626179
164794788435
342983739282
386718134565
537977482296
77463981871
455950281559
515001306562
247249598240
308427886328
176786603331
333554945255
230646027265
339334500894
208591460802
233868858005
525148503983
97571697497
260082416847
186783397911
373999601036
486178987177
402077958605
247431722965
160284035409
465034147055
241824969478
353370398818
3201823817
381135403277
12209649010
17117788101
438490503203
548945677079
163512445732
443620808138
140842291714
245943826664
360765443075
528824716710
116902901201
11197865473
445801775422
393476278499
183548851950
349795453467
88912085717
480937049726
49546572551
297516013522
214482536346
37330366456
464499831469
394801213170
152548500639
198520510945
274685012991
111765697965
52687347323
406533477379
42796869608
74108658946
101888072108
146969133659
149608270442
221408339039
318972684279
150181564593
353003079994
170400827231
512903992100
384869366160
250157107283
132531379419
170398106297
363295858336
314768532865
147302443238
321021462611
83269497477
224676568530
223907659999
149810489836
124161755014
273732332292
36632217962
60779527126
182923797751
26291772860
304500553152
308566708454
378794482145
39781694436
96508230770
244731780660
202279887421
209027219206
