459267593422
415185573773
83796880223
203854231154
328025020005
261853694217
381921948908
264598082969
375373608443
93277173413
476266142130
217261096889
145640976896
546623168082
112982879833
219627540309
463478342060
460190214411
429000650150
248689917961
229030852875
14868212194
485954579042
412975082690
261334148250
111192131004
86151577679
352708820544
248223503058
362556279701
172679880240
133077508086
445992464051
362175979900
353251380380
448549526177
267780275254
540297667809
325658015286
469138633403
373354029938
485880627226
323097679442
251049880615
546079814077
302955238500
530332925877
15820463544
261794526398
126664781852
198159819545
439758925992
243009319831
175386567545
517977600306
322090385597
358382985787
70666117837
381182600832
303091344390
434909668480
396972922067
475331013943
474076397556
271087408215
33912767410
192019616089
242114568986
67977416603
120430193740
405222343110
257487128371
300475468966
118097910866
232533556256
217618126072
119168128114
258580353009
476441244775
306295613641
519922806540
103165818872
12453458392
197424867407
269278253042
227779806367
70956026919
206926463872
418509379123
68207089942
64003326704
268488135695
175516647906
278012624870
231346997848
73406832126
180843834560
30934293298
60482451479
301468677584
61862982491
435109171394
295718505488
469126210093
434884873918
282758137416
349066488578
150920134133
144094109780
236177809386
208569965030
76231164913
222700422490
65216243868
423815429451
189635385590
76204597696
327025231734
438139142132
85340429030
289337774016
165527901399
49361226855
370369831438
420867579824
112204678380
179693985301
290827186814
220073677986
259265493361
110028091781
68743357586
165782822004
436427698288
56418051887
124156118756
214868104573
86106680249
285680535766
439265524304
491515524236
304372553308
26546041960
17774509948
79085782384
528443154165
244206831636
212154466768
434503017453
546368647261
87422057873
18834441703
230547567372
120581491542
97903163925
76482902132
36389227510
174502475749
228647334024
64260550892
223593264406
127541293875
231542329150
274848940629
251081101828
394791656994
221056366458
33666969205
496950111225
513689216540
176000827796
55083124074
478987722456
139354500820
140610255378
253144619403
214681821524
389238479910
381059929334
164775840101
312457929727
506738974385
464412756062
65115726048
468039900703
238025347747
307419463412
272079878209
367319585523
142265407620
405289395687
504510116327
404066384105
152370949486
139657480186
507535130504
267514442798
397863434725
37745777456
504553147249
43771626044
155010881450
528147138207
472776606347
311044436886
69168636184
258432237113
12859763533
420764822738
96405492638
72289336952
471367782828
466697412976
110893933875
379608579383
62023506458
304252161727
441988452453
548483064845
155214823074
122058815647
50320585899
228305150929
305652941809
238623468137
234051089119
204991678566
442197209664
118202944327
519387587253
109312669140
40541801895
281194217214
328297894984
62205071728
347642122113
548273553554
465241755886
260680016423
428329659183
277507149546
432792964414
377063195806
398206098578
525331938288
56338777549
110322075706
389760295454
67417180540
447750053954
349642149996
394583796552
114631575543
214506039899
382420640846
94248212738
342727097479
508528601896
19770062066
159781081749
416665915631
178755650257
56160001977
254611014194
222180013246
105331087774
144381846967
332381149709
252355452799
528219831023
49711397367
58531919086
389009263119
351769015389
259224703527
239070593083
490653712764
47836950114
48929950486
214189797494
210598438137
507576789020
466437168327
166588749536
453490125788
464623611917
354605714674
431131201662
301940554618
377301742877
284511754692
74680548649
39609738288
72913974910
546588354141
126228838930
111541386622
458782446538
493325183750
101816304310
403800025152
49949094167
61876094305
320837793343
431859555294
200751882440
155108936683
503815229569
383988314233
474132701053
279462466108
364147533681
310014585144
118280645396
266872359841
380938585511
295284598320
83841698143
202217518336
143536648871
202025159333
94282063721
252829790418
71769034162
452939631416
487247345380
286769901552
211301385416
58610728169
199838697407
153198339893
69279983672
115282535397
293000419141
48170016558
382706975491
348684377761
146163100655
315506018469
11390951408
479771052442
483981957241
82793925144
46441681621
488352935602
13637390289
140843093722
62868666082
347107537247
283828813728
410732508487
100802306416
49658277321
279970416489
181234824787
266151057819
97647498770
524974401852
536246982569
43263654454
450844277050
536166153949
499779489199
374913377666
14933569712
491512228769
459546462173
99565863214
452546006678
121446402268
236282035605
360382800263
307157481519
231141192639
436895991699
237492323996
204917600364
144551167097
214179474610
386991601834
459677048278
364886053366
137908788359
336463770165
78079733201
341846292590
528531913434
222221172773
544501180747
366931192867
237484544049
43153674387
502526292356
45011649203
378075036085
23253812107
265168795117
365195828614
180605761361
49881655255
171197403933
279165242341
242275071144
159356368297
133330252952
403385246765
109801673165
423800793110
403335774500
81796941525
490420922530
305721854866
213314370163
258484370337
354090041840
434910806610
214347626747
222549381747
458877897936
472505048232
377368561543
386451010173
496083407052
101280633983
131187046081
201558108464
37983997445
103093588534
482491954703
212461495756
351656189051
355027851681
140488329313
437510723872
106932133092
137945885086
537337305328
117471732985
309266129829
489284479189
198968612192
160752941671
21230021798
538519844827
107997291773
499737237665
270803220075
326260982471
4520974815
133799294372
455528301018
452992425076
364870374404
176465835983
331733458694
457114009022
76023858073
427764654921
495257865817
53130219676
243597399493
165955073626
361812290879
7487575891
130866103465
526228827984
38954345034
207076931090
401349161799
38627922793
470098031280
173402568331
288550055361
452342204224
20000892167
82184248652
73593154621
118494497797
345566299447
147888003386
237869853380
89091457979
196990818809
59107114156
256609984508
111443004115
244414091630
346187200469
183615448506
273030952192
341588229706
151246797396
266841151435
509714686553
525743248259
42537667901
315515232437
109199356247
189810860981
537263175936
229704609614
216409728318
339524625671
72290292945
391249906539
313174894640
366652939396
409146542215
363134618925
184339585254
255914581952
97511687051
87997436913
160024234130
79232501263
238312552886
269612103442
117180332146
290741074358
14932366288
274805549245
297042643443
474587216614
356468624604
503955537822
13075642716
179004394031
211476432354
104898451758
336592333663
254183762264
507377158063
72654689774
312425521713
404496501634
279870728473
376372943331
302447158096
275352059316
103568537948
337274705945
218796874057
50133999886
475500695943
33418477314
161159189694
496190854607
126092272764
542562444966
525042275513
62031570732
239729815026
500477088760
30258647414
543311585850
275764506953
344034291648
182011798029
488243043817
378456219352
135944939633
318373958876
45801057536
414255034770
398775860624
209881846322
344065648836
139510381625
164570777113
319852358231
503373658973
149193801174
505296165824
31523641376
115006816084
416446559798
262008694939
544681648373
207998439293
76196438602
246410332623
224199802194
93874199140
198062986374
13424524995
26382661847
362780629143
426211368715
398373825193
458897593870
78936561091
277000543216
15577213340
303494661834
212890404983
268664907528
365230960117
353019928319
270739677177
373877332422
549079813696
162594992598
14016571939
476606367499
433710728685
373401694270
59124123438
244894232131
134797437531
33210727834
319038840017
170844365007
6528242811
9357735061
16715827426
309976129233
524309443436
303890640506
435501928574
9382628417
13219824152
327687160967
483722358364
70118719228
202537385638
521889022932
325721914252
271638658994
167665234254
62974835692
233590345133
5395163181
294770356820
343896615417
209251424211
131476926034
258518424571
393074448417
79184883931
176261559637
189673720364
324515978210
322781092402
350673635978
296337729724
9892820697
476348550513
542355397105
343477559162
373820442802
547500906667
431549695521
397142444103
231394074699
222873851130
281651624543
133556036603
463030476676
84043456975
158024984803
542898101480
206685571601
103822173706
456758073192
34701635976
180753826033
404500619157
223175871936
325081904620
329125101907
2734714179
206360819755
458029851859
516690609190
352164156369
380073419792
47497451991
364538998770
494053843598
207141655818
308890347428
399714653603
329799199842
514163139908
486381520808
361739624231
301864789872
100634194189
348700300153
456864365742
148597223031
402526032863
132939505028
399304384309
241316964190
207937961906
73905157612
394552174213
533204009277
278683880948
42700302665
80835053095
235073656493
26356569668
230626945794
378326721538
298423029287
394694160269
318360693130
474022147535
407606661808
470158905503
222302518008
81892488209
79852488374
289625903873
80981941481
253135220188
35576294462
526456881148
322414371389
332713225281
354095484811
413033150815
481632279562
196415030144
207714962984
236881591286
89958031802
49937827702
397198334876
225349360539
467156641268
397930897237
286449822132
449641640437
50643128855
419031962569
6246472996
59959481313
286541386476
104056064815
178562758985
17257029431
448230386167
99955159543
295017933803
526671327858
464292362022
38002327515
472854640793
338561210863
227785146911
532204566818
338845235063
493022830440
122313340187
547094330193
31558706943
501716549512
264296832119
283113438477
330538399585
473263708670
261484905960
177567485280
371458544337
120736177437
78148056197
452030683882
116181672358
146698171131
485141469251
407562467960
298168733932
193752001965
221790660656
95221795068
172026023078
367909370648
241944773098
325532153859
201216400682
497575377186
407492797181
108965100755
206202354381
222256058117
232083683980
433114200342
538559616866
143940312715
264520416556
394513504078
350717467820
6516517916
492313082589
106245725483
39689312661
409055256836
165773329052
414497947268
391614838217
485958894177
342968014820
124657306610
367374761181
261021580919
309148715343
208561589236
42263697256
55243648321
207287211245
16100690589
443732873078
219231116016
532657566519
330058610036
167913868152
381630778865
374338389158
239356928841
484683324180
148974490508
206581980125
42089782687
257962623674
107477746270
201967590148
61625031171
172507299380
165213725881
122266737015
285486286219
176608423990
90018158576
434730664584
31061889017
391640019964
224054168102
264095228468
105064904345
113257531370
491552256293
194256795012
386637559214
403578622628
124136090919
25858783920
379370051926
16903439737
446572496464
47792476239
365543759893
440955101305
302024200133
136764457656
350491000121
378100091750
361973152332
411665929407
301053373310
234111294358
203099471788
74502731505
133913543086
205820722465
424274575873
44930523056
349105630402
351479312591
534222070191
172544325078
232818452657
180461935457
314370281307
324645574443
240564511095
478098385524
113424944162
343834338125
419421383944
8990641658
168570978108
64758137493
114044775182
531551876294
410230015766
518815897392
21345356099
160421400555
372056350482
299534774453
478914865605
53402953773
69260997496
478933801938
169182770610
498007383950
154213005304
26983427764
287144995792
370822999910
280730640410
51275153444
471017917183
196522665827
526767085646
316008247837
463733291615
451599680593
6336648379
239491091454
35266627381
447255140030
466856463503
303556290575
486479521534
385626642338
187971529627
260341268875
295222329464
354917884882
175691503903
491683895475
263428175649
183429615670
271966824386
200181991296
300356699644
331360144037
379682311460
452318824522
223053727613
36252265008
453920939438
383024426870
359078980639
407524396562
541892624296
532984966532
97297173713
288188761712
135583852190
500119646982
26993915682
314972483896
66496615830
118793816872
408750585812
11164183960
248558830747
279199811516
93816357628
112773058616
440172267227
519939833837
55394434409
539123075557
429594314145
288203104641
526446621640
298630769629
283507010683
199398500748
530135327043
111536750264
462808362599
83545066521
192706426367
212895273598
177778286212
526389866006
413107783875
517765144065
164106691690
263571800547
309056353172
196025117976
279363639580
371787213696
164550892683
383840827324
506275507000
513372586767
508556974170
487915806361
255520057410
249789348991
509312147175
447299034585
32017195732
389642977129
88018989389
389979577393
516875667040
260605625209
50865354386
462223631824
382910790763
242377489441
430849281632
398729049942
448757349468
173575253421
325298765708
249192771985
196897470551
290683405525
9798736255
326299097250
73705895856
245907012053
285333547107
134042714598
72297317617
332809824885
428838324268
462003639771
433665058390
337311702969
432243358546
192502993946
202865061299
