165305012
147395714
176540025
54243882
228957291
43194794
140584105
4443501
52921086
186810096
189404907
22710881
174440250
70937614
191959672
16819264
44412609
115432688
47069182
82693895
138267449
107509828
146661357
146618758
191079829
175761419
42892698
109057601
42541394
325227
55707589
223540194
165508419
31028167
25755923
6302315
226740586
200368999
68528230
140859091
194377420
15050022
65522266
26050238
114487345
112766291
107163953
220700748
210749415
205305239
29647047
188686837
41571769
108287225
217713337
62905507
134709237
128403287
43515948
39084266
101037819
176920676
169276970
173399519
135428498
64507407
86191380
162963027
223619810
193757461
157004103
165248808
18456025
101902031
19935552
96697693
99713802
6371359
133621937
220206886
81625990
66513953
86914130
201892708
207339812
63295077
195042135
178993278
40302562
39311825
81689772
79093748
223060888
137750309
116178608
229414828
28025409
229034245
204404718
86241400
217275898
72015477
190136128
139159436
111544836
33899541
26081543
219448768
212407449
120852207
167379121
64578360
68152636
194095704
167077042
108453663
222386692
21404765
159634242
200089285
54213984
72976512
41673571
212870387
20305574
180003923
136753158
127574471
175373003
193756929
44372161
175445847
135555632
118360235
190567420
55429536
54077249
185763579
89703804
212213544
95239411
52019119
11517133
191599597
143806924
7050143
28239060
149363805
195635530
217836033
19870776
137166201
211272965
215139524
195718581
61678315
8520591
88682871
64778990
152468909
136817253
220665485
114834212
67345606
101505785
7028787
133555174
195333062
50673669
124801193
131103809
162337166
129286623
22440659
14594995
213862392
29240886
116283878
60719862
36097590
145578641
121565237
49862177
229654237
138707020
66667063
171512937
6165381
201429216
2196867
29006060
174843920
230488306
161664806
21663349
10741470
197626894
83682094
188248449
102336950
91232577
182521475
175063100
229367085
155949644
126020020
146644431
106427410
139650767
40020740
175548320
93101880
44417231
129814
112805141
71731423
118384584
12171097
109699869
115996705
92005727
161632695
62085243
68445359
195263480
133229846
82359427
104510563
25782518
8887619
217818269
181328153
105094347
10839517
228337975
162054155
171733458
23196985
161637658
139830735
10910959
121634965
88163632
133884138
1243602
158731968
107462854
79876815
49088554
206241768
216816454
67493378
43901012
97614302
10052649
82861460
205579934
183306490
85047324
83411856
70926928
198548423
156936438
115433000
127453373
124776698
92646651
227515892
148964494
77510906
93579615
176268174
138947932
1227344
30910776
15010858
175313966
138353305
9076136
223102513
67886314
134899788
164766064
56709486
66146114
162551608
156020170
12635203
180966372
110619103
160235513
59933609
92200422
168813071
135581515
88688135
145713068
59291110
150906743
207389664
150025561
55391547
46868706
199850518
87948575
224507624
9331489
210420561
229776108
113148910
214001718
97407361
158141822
163932612
81361886
200447544
42333336
26392807
181041081
168869015
117844973
209341402
172355213
50224483
188738601
83529182
136713105
28247304
73556353
67982508
114543013
148767147
75771995
25475145
35513897
17652092
7791927
189335691
105218866
12722924
90844132
51718761
138172724
29782969
224467745
95014106
64636917
178509962
175183515
69207269
180053490
89580412
161139919
99661674
53198203
42993941
11517671
112858637
82548908
62440016
28342574
25617422
193556077
149092355
223258359
49751268
28988485
176181560
162483465
22839283
22117089
153943143
190455399
220199928
42527581
217366745
27275489
2932012
122719528
88522519
161414086
16063149
126056395
221815372
103189154
54454596
67699940
24422545
78027996
117021008
186426577
191987985
161959984
15141188
142409410
181924585
159759131
24066040
47853570
182703517
135349398
200663070
96408913
70503385
189355603
209806186
115874324
200177343
73620229
197629758
221781882
207693357
137044990
134865543
18813589
376909
67679206
181807052
152188954
112878338
179142597
213879071
193603223
142169907
57054063
140643129
72262850
207147647
115186828
72463631
193246176
199107597
146090100
7077526
175565961
87910385
174962887
168305529
31145753
157875012
9705588
120766695
223633405
201950228
47419662
52689554
42320608
119743717
70588040
191544043
221341989
109948373
199076478
110170577
166897305
97915716
136196921
152386800
141498309
29928940
97703531
152910840
70828398
77969243
147873164
185028976
42153204
98417100
176017924
117153461
132759011
77340222
65173377
127566036
185620690
111463795
170137449
75241831
227292816
68301051
217244374
141941746
137712947
128646035
118556715
170471973
6122210
154428376
64210966
43960066
53211938
21059997
205852993
106780266
106202702
20735040
144928911
130755448
147419113
201974896
83111450
47325486
203397008
76552660
156189820
138690002
55796163
227615646
21275192
144622094
137366968
27859184
171412155
154487522
118158707
199115427
208908795
27398172
194904399
117991432
104192834
216815438
31908161
217611743
33983547
49746859
62732900
206454442
49308994
26256085
60819018
24413613
126554810
25359587
1646626
76543428
194698822
41054759
52577267
131243894
142168865
168215461
562060
153535147
29964725
19077555
207195212
162570985
107654710
98567862
204086693
27989143
194015435
121676388
67440295
107839086
159542641
222431238
18719094
21320766
98662140
105398579
75284144
210988410
84945372
17587884
13049129
123525274
122293391
7128984
124670501
178388883
211958460
93857525
141108511
20844307
6311276
89672875
43041494
38154051
60419165
82101407
199352003
11668288
55983345
73172564
43409470
191064126
112739081
144253957
109750176
53815178
198763884
146743135
73428838
98076702
119797116
18236047
197919729
80048790
67864595
118232940
7738368
27947613
58868076
167952895
188968857
136161867
178060697
129028994
52318260
38634532
11904144
188763677
151427421
109565043
193321360
180089253
129033297
163361225
85851388
202871314
19491733
174994246
107988488
23578107
103899442
84917643
170420063
184649736
26264645
149626824
101793312
111043602
28790956
139221414
43284033
127270033
192494534
36326786
115780311
68482946
137231517
99310926
65282853
170479236
128906899
7441036
191772582
24692826
19298946
196906721
30906721
93801760
4950402
85442360
200629134
28545386
151923333
89740554
159777068
201776457
185777666
15923466
83131703
201068203
18090366
192687142
126417593
88461440
35316297
119112775
157730933
193695853
160794169
92454479
54616998
83598401
86873752
18976888
890026
59869992
191830436
171257651
166075001
224211067
5986513
54983540
192829284
171546485
180584143
221036754
20656676
79799482
60741087
15864760
34833288
186050815
48338727
50984405
210280209
137109822
111910023
198865449
124679455
36284814
10542960
33334073
112534249
18179380
190836371
188677536
175922772
117656663
151682950
60600125
206534203
34678008
207530960
186231741
120545534
184648878
88618368
16680787
174734160
97914130
217181671
75376936
181289068
102743841
99158970
77057527
181349688
27874165
126179543
82922958
88968073
5975340
57343923
17905343
50904158
43923469
136277505
195372517
200526355
147924422
187285083
147070351
17224721
72656566
143548564
30640585
166229179
50407889
80398859
111323168
154464112
141792295
51323159
188394350
7901926
198457476
96431404
58239165
94969408
69530242
72603024
49563439
211920564
27111683
88882083
160152011
128241970
141071935
96009613
152561419
47196018
163496045
24506117
31657074
97044945
182633334
81599714
165422615
135899165
150126455
78714001
156404245
123305050
220699670
120264772
58160554
70861099
191033168
187333023
132672406
177867546
162167265
89281261
122195533
75329636
51434343
192197478
220428768
146182339
3439005
83457534
33770844
137727892
211769438
31831658
148230643
7798570
217823355
123745894
141626984
190515996
68788596
102370368
181932329
111451181
57985632
51360192
54774997
11273721
221826635
208549625
82696419
80670084
69884771
141134900
63266302
113201883
75030261
189768514
39278785
15546291
49221935
112133638
160671136
124997470
115892207
75733091
55745783
86993975
51984682
119014189
167345699
1470196
170591913
41343946
64350572
157032985
67130351
80664558
25827836
59684039
11938089
110941212
59109840
196203021
121522055
27348837
138402632
144633308
89089935
156943258
185095971
90214381
131200369
201534096
2061333
98441698
95050070
54069817
74120229
204467375
120126781
12621615
34365497
105891574
78684662
122426993
182376834
93050598
209503396
32493121
230117940
129994230
117266787
153229649
229467796
187627193
16606769
33007462
153510772
126896928
48793733
120378479
102225113
146823145
13798904
61001606
34989942
83987240
130379090
222048981
209798493
69718398
221170087
17512565
56400531
137533223
33475861
97903324
215629520
139533976
31772035
103634612
97368971
84001524
106477042
206909516
136927357
27585245
167338555
139944129
160327000
160532350
208154251
156133764
97654942
119101132
119673243
21656385
21294215
183076859
16622662
219687404
212182030
33296775
216614652
50712884
115304270
134453193
19434575
172357568
111989406
206806699
141301061
117211816
153188222
64328299
71523344
55455029
9271371
83023673
194016413
146638714
85113800
49273545
214168751
123278577
141603228
199802007
80988737
219183927
82222719
221777372
211236392
128569332
46293016
95726167
95721304
186325915
171188142
117455481
140022539
30308267
41205544
92479632
79900241
176815391
67945132
70571686
208389922
42477226
29451139
93737006
200556736
94732630
208945500
209910859
224623637
134570727
106250443
179254443
119681619
167384154
220193330
200610432
92386785
180897818
45303314
116293315
39371719
16522653
60216880
43442450
102138424
204830993
230466725
106913535
41758918
109203540
179096153
22596361
127560750
167409716
37231544
183397815
155143786
46602358
210455905
