226782329
172161461
62851747
189999768
68140094
168677287
110319868
53891190
86955991
36441650
21655853
134817724
96044034
72746576
87792940
131672463
223868562
46889613
216707690
11400321
80727226
115919801
175851259
24279243
203145282
32601654
76836177
171076093
136393455
54681714
171477544
7109348
196678001
66540289
91377258
102851786
67027966
17321052
143460006
121613974
163404297
143079074
84628555
68960880
104176025
174284959
228407002
193021219
34381834
160001696
7156831
124547958
70453287
194336239
137329862
155176155
189269729
12848831
67744399
79162588
187422249
111830722
221478531
39100956
21987755
46551798
163525310
125709323
109598214
163947218
21244121
209448955
174618389
215203526
173142880
175435502
119319952
203457348
26460800
38803364
407771
34184392
204426243
160888940
126538253
187524053
202209581
205338617
223193059
120886542
32565174
49816887
220983851
151677675
46220007
130555234
25435878
37693081
193351986
204143930
179003799
111656406
47887369
141938434
16717716
187591777
138767088
8222495
82396694
3266916
169539156
81132619
84684631
154088272
117163432
9454673
114255191
230504436
13166386
42968107
81615496
26892943
72200915
121030252
36093294
111436626
138824344
137755489
146155257
186867745
80631829
27969317
2646558
70548535
44216814
164227059
139918222
141608958
190304404
116663972
58021855
135604641
63236448
150428649
127161898
121314666
152632012
90260790
147622156
41179483
117829931
56535509
109571943
12072782
102142155
7778677
135971829
117830102
154311744
218078771
124644826
91288397
117887267
101657089
18065752
124070178
123024824
52354570
33673875
71661684
225979325
48396822
151123082
134528329
212738573
63405806
166996565
115423005
210419733
136141728
210823297
173838026
202049640
107357982
158046811
114012696
149362808
131106494
62017078
100123703
139782847
48805488
112451827
152731879
178198207
97104330
104906327
33955234
49933146
69490509
27729850
134513681
78714117
82437579
49724804
206186368
192917301
88331682
63043286
112809138
220375384
82493694
19706400
63648507
148441898
52329132
1665045
153282725
6526485
143668062
199915225
58074411
59192531
59050450
40559882
166192463
111945820
149739413
39530301
73346697
68977781
109058549
67167292
136632611
103300373
24353650
168797481
21835306
153431822
55054008
12182391
34267611
196328543
99620250
211060531
18931888
128315214
115059737
175463881
136840422
36903817
58609995
53050580
175027444
67595031
66993275
72935974
21222963
17991137
4221385
100403839
123894660
225944467
15016935
202341334
70047739
13673035
157945283
150677823
219736517
138091073
106500460
74806741
12720219
227532625
217703451
98436656
160816922
3764218
19170012
55415584
173795417
222124333
76694822
5177604
145398027
170696020
193400601
20362593
13633395
111261940
174061044
113610527
8304953
73290449
221227348
139659357
97640093
144643167
110150073
115381295
75052513
188807600
140924955
103079307
82386123
96646240
125103283
209361933
62343323
24078941
195408206
31094352
87469445
188180898
11498689
16718611
158742431
38581473
90684621
181148209
206294386
149608100
95068074
118068509
62704235
129880330
204999270
147273457
120351044
208074661
75051037
12513745
64820486
40940651
127466568
40497368
6866084
19709865
54148986
159758776
227232101
104392392
178903735
203941489
23284065
123417480
171288109
193376792
87940658
133981379
115018503
150187418
109634196
181607373
147979948
209748975
141733682
81166580
162263865
41152634
222177698
13544887
72479339
89268932
176820101
18250606
7327646
228763008
60219509
16022546
97927789
107459131
83390547
6048143
178243187
81332198
78937156
112466221
107489288
191173481
227688240
20411738
106171817
87272495
192753190
94983475
188608928
205206613
211372123
204574030
11361904
153763238
169995116
75126955
161157047
198518392
127913018
187468983
17022480
186362933
196608529
108592811
226952211
96041888
2769620
160659695
230570652
102060353
81650251
97708899
78098610
153544502
22885368
8830384
87585266
33785700
98773720
83148329
228029444
75099728
143841021
186569581
14921297
151486858
56778598
185618780
66811448
169489595
162793435
130952938
158182716
170524441
68633862
209302614
37843506
216100751
144375091
74202896
93310011
138288129
148480403
226790415
121279283
192787278
79547192
57708925
200511163
221790650
45943936
226579571
176908546
37450854
159843873
80666394
157289942
18866667
167883537
202296121
223455330
225858942
219495425
83432389
187393197
201488657
95152627
41891357
133684104
204868341
70985496
164846504
149382955
54131
49791787
183190259
60885287
75913113
17819278
52812544
67965839
17712164
125810804
124025528
194630377
161392366
39372407
159969406
143826596
116523157
181290260
225855371
189983402
64898253
159121298
142691212
76647323
143440598
186326581
45948457
136974644
64089757
137813376
128747083
210909211
86954094
18545613
48888506
160077603
170525118
215294931
179659564
11567632
111282688
22553374
23001158
17291409
192492001
76207879
40941506
12073457
67143680
190205125
31541588
177834552
21977924
109873395
179532995
79021003
214655106
29727034
846116
90991900
156392604
163720521
144255037
213526609
136329814
39932925
24682530
196449874
81838251
86240137
36328233
120107364
228681744
182840504
75327014
72394534
20879248
159391828
113079320
131149085
192244556
133845929
128575508
111579937
45998977
20749443
35097515
38919215
82786071
124861044
200422667
84936083
62848857
185478661
14286549
212429226
228575983
198058454
223464221
23374178
221071436
194509807
27017117
117893047
42730359
91982192
191658628
191407194
87067579
203392713
80608760
54706254
212145816
108925983
141807592
142126436
60726608
136963773
163551850
92520881
110810684
209053980
91518159
185016403
177205770
52846045
6136492
225633176
87526710
15588413
102151687
133655901
175991630
139689306
128372091
176581203
122894227
121376948
116671713
58723579
188438248
105306654
168846981
221455655
217815885
173797121
104400779
190221921
72195353
190782992
111697338
102554956
23141034
230527662
152479645
176886802
97968091
17057124
56401640
134705726
86904572
174632623
118058327
168196953
168588036
22282631
128752404
141596277
213578033
147018591
98266470
180256712
130945329
77214136
119336028
127856423
131076389
198241867
180312901
149418162
27132445
1852588
186033431
67641400
29854134
204324791
131079325
72323530
91446903
142666681
208309060
156994743
140224905
88388641
122377684
190569088
20446541
132271746
134070048
136237136
33728864
139073626
8361310
139576444
187691562
146568474
102339572
18059831
130265194
226568056
218572195
150819090
69604961
99035361
129400337
74279335
48903081
197010166
142865398
37792163
204284143
129649048
143420798
213403712
213825237
209217730
117315736
22737526
7209185
1977132
43688005
54650300
127380784
25249846
79153985
31196206
118061103
81385744
207171465
37765302
62651876
41976934
211969489
139323518
145031884
25248581
77790508
39330030
30107736
10751395
227966441
119480594
116101532
177668730
193877195
160799882
75626713
205224454
94586101
226426202
129488323
81680209
84781003
214326968
160275158
140707582
83921811
140525691
443860
162387731
44538056
16116314
63164164
202874922
190093144
110444149
116524629
189713234
146675939
121297854
33068695
225689869
75090967
78786542
37506010
226740204
120719881
18445953
53151342
736983
165856324
7275430
82040377
145843321
3153545
58593836
35975737
166750665
4997108
226259310
201452315
20928408
142727768
12719544
57018325
228146381
119376813
149295087
35899156
151265391
17694219
33536260
19603043
197262978
215417157
220178062
230444540
92863251
101933569
18737150
31756221
133525335
223477031
208740673
1566491
169066506
48606835
132712795
125538945
89981829
83585533
186253702
128665349
157441934
91285670
58202039
73538239
20637564
57233996
66084375
89744195
219078999
146011068
228610886
177152390
173498323
25590982
145155577
155919107
184871844
19678061
144364200
173536771
197585145
121210428
95820690
156526557
13998315
140834639
123008557
164525639
197736909
76196815
66887543
90821631
64035122
183285034
126361952
71924986
48420564
89352821
88940574
228482861
23091775
7958988
184093341
108735493
207669821
10531327
195660110
108858875
4221652
106172377
67430431
149615780
107489736
122266888
81050455
162926655
120981840
5781423
101201471
139710016
180449352
185348830
418468
215053256
158733343
218428130
72574073
50970903
14778494
86999364
5291768
5880690
3283170
164533437
147826814
90970329
101383944
88309576
64207960
229508160
162833438
70662092
49979704
45728600
107329272
207936729
52666013
196213882
206940419
39707942
216162118
162985553
46868688
183146077
60788156
107849157
76096949
188339035
5389820
126869339
29661697
106093494
205154457
223664381
172431135
52189795
187203597
203641753
217439898
42262516
149500069
9293380
45100680
123218804
157852264
162366335
43843462
4853117
4025096
176910415
183714619
17241643
98973768
223348755
58961232
17400602
220105845
16323393
204681956
149021222
15020327
1819078
154638742
116980025
194330489
174230096
152449819
214910160
31651391
181574786
216861428
16347419
134844056
207513343
88207854
178136389
105303920
197125130
31776987
62545603
24125727
36021250
63660660
211866785
8334977
160312673
64134931
222774688
150088276
77118019
201372696
76984237
37985575
86021009
209858346
109515080
186061846
39815933
132891491
12367070
69623831
205427452
178089180
49526716
63019580
25635634
133851602
119800620
87332649
51064234
118178730
144992027
227401978
112935944
179363101
199217924
80874501
159224626
58946611
84605749
188192360
15992867
112696083
202912852
224012661
79894625
139943150
229930363
152296555
109983359
221974512
120817398
62170514
212543399
230324238
150573077
51969615
20928789
71673664
180295751
126056965
108279504
130831691
35879263
54592400
151750342
95391559
28183059
207036179
