659014350743
13008417675448
11821800345321
7289314992514
12404571582079
13641708594259
15722654674802
21023403409229
21029175045424
15911982506801
13590210554029
9288308268903
5494059131631
19134325302754
14184488140268
20115599893379
17132775833746
4337519253044
2235388806287
14511242465596
20171838518622
20562320071038
15108837759739
15506985306194
4440972495483
19945847220107
551600333987
9141853197573
7737697518632
4715519814823
11982049200169
16927411412722
6051268595375
20875806733172
18302859062926
3095969756783
14315491417358
20897912248362
5313223912366
15353651562964
9461775963149
4211250840699
1819091613449
902454973184
7199000475713
10608760553344
14253864766686
8606689847907
5356849606078
7158029342420
11216561545952
14728415902258
16770412420079
14398750741747
20201695768311
4898747228270
9243989647790
5079254837283
12224789173841
20588064931141
13273220330951
20489411378916
8646952634043
5454920059373
12806329991438
19001488606469
7555675855541
5542376714164
12519050924523
11558920148669
4900565806704
12566680916488
13252952797829
9403011871111
3865257698531
18417919625538
10914632649205
18412073262409
6521624123163
17010885166873
15791865256458
7006740318017
6627660609720
9026436283136
7615863938822
5014722825890
1957751142935
8707233343427
4373672597781
17250875231323
4863059258591
14337891847076
18963773753929
7964549937990
12174037599484
17370728224752
1959892241429
19188263284365
10076606804931
18667480329781
11931394410325
3086703230779
16883724908770
7700092541693
840322233279
14919255954914
10629097632464
5943564761356
19518997085930
14281520860611
3181987967024
4285495502806
959121875021
14971683701189
20570903248263
18261482690727
753939050127
3618999108386
8065028918650
16200090689943
11100756305892
8020189322140
2460227498077
14721361298507
13396222493809
3123877930713
202515320467
16641675699449
14763005990825
7446000306933
16941920785606
17653714704289
10134560570941
3644143552346
1505534268999
5416714796160
6374633573073
7217575057935
14447615164528
15582855635246
12496856933940
2771268914872
15054096866400
14395384836194
13327552027779
2994920899061
7380698532016
11139992318078
1132564611857
16489288720837
20178092909683
15149242554976
1934953944713
18453170872782
19600153361805
17984771541645
18771107136188
19807009166023
100524606523
4451976668568
14699855276255
1471365842156
11335010056722
4774799689723
13665349381015
10379115891619
15126489538519
3817684976962
16505357837194
148398148468
9354741880596
20103688914246
19246042110723
19010988561411
10534184161291
12573429947652
11852524563500
16251967512299
16120088647539
11929987758843
1410076934382
4814612919382
4143941074015
771019900395
12626929616614
14217022370282
4719408850187
14262402353420
937974710361
19722609387205
1659772015489
13961996216215
16237725644643
16541845797352
2235037142077
20459304804590
7850836722024
16436260914922
9518607912634
19036177006010
19672260453459
12770521871593
10287061106207
19274595414420
11377010878105
11031817677352
2839331185130
6343557938420
9113254593021
15445950870390
13884978279262
19469611167204
15273435437438
16479374477300
6524208801669
11662847034173
5887074289126
19397100640307
926879736993
13379122894076
10265863079205
19978882155403
593457278122
7581697804526
6301407945179
9328991332728
19673492106586
12302258662431
4053591508145
10123123049247
928736042737
17236573023984
6990050329865
15323423928779
10141410190821
16689866251080
9932128058213
17906706020839
16562011800731
18314448071153
6856126189908
5542610790443
10966465423207
1835279747570
3891700146396
12936630518788
6679195659933
18297782706676
17538747352275
17653085067596
6368936931113
9995167625521
1500324855070
2595061598350
11455046891618
1249548822219
19062504979596
11254875140753
5023041739512
10932371663926
20617221123252
12495823804439
6333381377182
12463948431415
7295897073601
7600506912720
13000361630513
4069480158686
13400509203164
17670381905940
1895808240038
20009466905404
19500781564112
2820584610094
2024889578323
4430481068313
11492563578185
13024269987775
1413722404150
15981751615902
1353483448452
12341936012214
1320342628488
883522131043
7746183425396
12981950458449
4869500720618
14191420524899
2496029512569
18643713204093
18507641303336
18522263000596
74265097614
10559818950689
20386102456834
5238821092696
1069514195475
919680885890
9867067911690
9272061203111
20537590355520
1839763120717
20962914714275
4867279750870
17465938830759
17456485871809
14333323478503
5761742331592
15317715770126
8991038375228
17351387244834
15440075552640
10596113694073
7661508144126
17200180617743
16051954408752
5649188385143
15938739327340
3236252696792
20104093394071
6695594590258
3658867396732
1582696221520
3647474526641
3712361680521
7402956891748
2873757105230
15685185790832
17447854735953
15144382685266
6050306785303
7946787033873
13200052652906
17595810273276
8733662819370
18258326865168
16863989573356
9895512055525
7147710089351
20333632963795
1605463886759
17322094071284
5647553028857
11383896743000
7597244927842
11325254112017
2577708443702
14576235461135
5442520437756
11050329688142
9729830630951
14435266299766
10100625711711
12483871030991
3257230336551
8448814471064
6097788411684
19518089258630
17285187280206
6047562764032
2502534005817
15809962796708
5644634448555
18347162967642
18247358462129
19650765839345
6909233672177
10715970033624
14553353256918
10947540974268
8917685087945
13186841540214
9604427467709
12444239561045
19164544851436
7212962017265
8055001225493
14620013467228
4879736453816
20936247078663
6442489522086
553005243622
13530450815844
1363946461560
6421292218972
18036273976046
15059781750630
14722438896749
7538861422452
2566949002842
1412667400626
12801783664761
13395485234510
11862110219903
11464146986271
1035447263684
14912143815771
1709005252171
19375675927818
8458521713862
2280441769096
11753644843869
15621244342659
9887380470469
19089485598517
20218544684614
1400050790158
8817143294346
6675416016106
4486597557058
976297497848
19815444032680
6850927481303
7193659713689
4814786869260
4932408129304
765467662178
5764942760957
14787571415116
17634284698768
13690146244724
19528400590721
11611474269645
10208539633782
18969362849491
2453941584036
14448198293147
17308997703764
5835768200435
17216454643563
18728579437934
19657711345504
14379962924032
5157315939950
9361283356730
18096424002146
10208253847843
4929315019226
18941247664443
4687683211950
4582119093892
13070703426412
3256151325914
3868714876799
4840882734238
14658490327076
1366252560580
13966682399481
3789646083674
15971050312515
16623669446834
1842153727476
13489229065152
18569832706017
7485933607213
10922039506502
14048724125043
372977137104
5135693776730
11072809435008
17284803512010
3590599561617
16252178446008
20647177427934
4359365196838
15206323685900
7287797742030
19922853472748
1804809955821
14080892118161
7951312263427
9026446728660
19018773681981
19590021975861
15124997675810
7910132729568
17308559776437
19931629434763
17021009414040
13317973741287
6725922927271
690107615714
19161474220710
13775314768496
9951630706032
9191322202927
20231479206422
17247021134239
8839372879454
5005231003564
1286463316839
8912202453131
18258608457089
5668341753353
17877364076414
13423101105298
7520129246367
19225586994009
8799878799328
18080267039244
18886342303194
12351576339404
5343211275646
3906434583989
5375840152229
15670542413115
13532357743157
19612378774367
7911637417724
17543316772656
10443464701445
2102752355389
15110743685950
16510170329665
14219894405165
7148597201125
12364537670086
9244876853686
14363711429953
20014595754976
17287505340416
15678364473570
7060293487946
15351563956541
11871172469415
20030240167740
17438587346680
6774963146271
4153905840237
4682290756351
20710763787574
6697440389686
18612369043432
14053475867848
13279752634769
3456275903034
8550804500412
4741183581400
7927676150728
13637265723259
1177339164837
13806940628386
16780243177642
10125110117647
457838595571
15446540505829
13925592605373
15178682149442
17256957834577
17471273750083
2589575029304
9543537580071
8407694656786
20264636882998
601280567831
16222251533457
6493807950078
12869888318827
20701526601221
11641766747644
14821097308751
10565942380750
18816845848725
6194464161519
13004676430145
20615108826039
6480092203729
11442015509278
12107168823423
2513402517690
16178505879810
16378264644734
14153769571043
6365657581529
19846079853259
9924848938043
18241952046410
8670596294731
9685499849284
9834338520733
1785277700610
11965540183115
2895308928339
13034878280455
17334393113904
1427787950876
10817248676384
12391549436842
7519339889838
6930793568583
658453852102
9564497926721
6703268386602
533912855302
19273046961027
3534089349796
11859373476225
6328596318628
9775900723441
12428790670253
12172773113804
20832542753455
4273981771875
17355833698088
13472306190134
15111296775691
5055661527434
16467596516656
6584651893569
3410955783621
19889849654461
3858234554816
6486464405701
2753048866355
4349257158199
6714725269841
18730269893003
20420855587889
18468915824988
20914756975108
14548857937194
20685265289667
4212201627451
698601394422
15717936782371
824728622134
14466630241926
19216969908275
20681512912156
8432618516767
343839114372
10661415041579
17751703437400
4002445327751
20507914845826
11535216811407
9677882781944
19864741920712
3062199056934
14046118316261
2185293035473
6362001556355
5240231921480
18865154496144
17601667032093
20742612041526
6477309742090
7405675719289
2509387362173
16807259696190
16097046208365
5596147733560
13191296062817
18697231713887
12113143871771
7270401455780
19745496652030
16388649345945
12332860590884
8915822509567
9289481043755
4881403548872
17843692879210
9902989799586
20607736994382
2787262948686
2750229323875
2001912424006
18635963626699
9715957191385
10084059792307
4129096548685
11521649742868
216360628208
736239163069
10867802111000
17462664256776
8953814294155
15328038466448
15457044482610
3951178784997
5567480589797
2340406169057
10200653953915
4658243657732
2989383524623
17218316218557
12801156656548
7043926632640
12771534921098
14513480042940
9218706162272
17134574302980
17990561559150
6181637180796
5083459518692
9716647518560
20118569381802
17714534775648
2660143425536
13741412134130
16338011262022
14160464591507
2109537705568
12779714347806
16816223095847
14549609840193
3356688294018
7891260260720
5414776771488
9642617766733
9604228426035
457807790614
16491679879929
13261470419319
17925454299792
14486519140180
10730901622098
1753312193293
16407657122110
4778231213145
19909465094393
13934939264303
15703520644877
16968967067282
2778024898242
19440445299723
1456343129578
4612217559605
13805403108269
9695390854092
14232664863260
16320060263966
16597950647315
14560333395904
4029700679518
10635728815231
2501665019247
12453262500514
14754721545413
19249086867101
20610869099294
10740289393788
978744325297
1100936396805
12875141106619
16865398175857
5401054290580
11323031719152
11554441762961
2825083687082
15106235487213
1378657254863
14357467492550
13069611744572
12762944492324
9328759290718
3877348533849
13087407928126
16381257081358
6614362926863
14582015470697
9499167585094
18399972046406
17749765381104
17547995926370
20801795745039
9283800138207
4166256708061
20959305061851
71820671250
3467450159399
10089521499995
8196928989456
8612985771322
7913380774652
3524301887213
16346949251118
19145205081137
11596250354567
1199140949676
1452461025686
17472137758179
3081340260055
6888631796079
1759207924537
4239521790839
15676128772103
3958758274618
1962726419714
8715242247431
6165514874943
18372554870232
9620690308249
177406861452
18943538267848
9617727079003
8353299016873
70339996214
3422737693597
18209149333181
20628678613018
5758481181071
12170105637925
15165858447867
7363196897887
14415867457718
18567357287791
3947691240440
6954412253333
2149708700697
12601749495621
7960677244567
14883345719778
9292751916174
7746755743723
10471087365582
11078875490974
11048407397536
185154946941
810975040602
6723025294984
15584604833215
17438899433525
3567855324172
12208978598987
18005466916559
9011471755297
2261649118042
5432284853642
5055755787568
10615249875441
11982587826782
5007705124599
3090830766505
7125187950405
1523377038751
10120048227387
5377238558979
2898916995245
11069529836227
1009968272159
5011419525893
502714075422
15359780770537
19139754668202
2048016791271
5344477279988
6681886956380
4251226134563
9891392581786
2584786866905
9798051504131
14654167778701
14944459987248
4373422258037
4582664965609
4432665317386
9403311345889
17029603456091
17641036919569
7033451646021
3323708057577
3571160829463
12413569368977
15804241220100
13803186927201
19919970010558
13610707271180
7194731253540
15389008259809
9108300202836
1495597819441
20024514275750
10163610001844
433376009810
3554925716750
17607402526806
10025097199527
14741316522704
553817465030
19726286870030
11443263775506
15847444236258
11047871743669
1849833992393
15307065287137
9103143004188
1375892191476
6734259611734
13752243911091
7221502112683
14161897803414
5128976992982
18865361786369
14667693462926
11090631028974
3900112611101
14328462926052
12325798320460
18797577191061
18446489614708
17581040140539
18138558391978
4619381469917
8352713710368
706668433466
15171148336304
10206462398005
5086259637075
8943046458213
20239775311973
8584861007757
7001898811145
18135047197788
12072899013569
7202013991783
12847756774503
9859444308296
6539626537250
11441608006705
6611881092457
11052787802884
14531849648288
14356279468936
11315457484251
10785925261765
18220184508969
12568322710896
14147814673039
18836988939249
13132255377004
7359558190109
19776900003443
11317986675232
6384542880539
9160747802985
7328689218685
11532585346251
3287642588448
13160532519943
16751897316801
20957807174257
5123223719621
530031306976
559329366401
3076458981616
3860767456644
6603016868610
18361718899401
13383608186493
9714022266072
12987441851967
6107471415438
14860461083318
16126258262717
5817771868382
11976466484198
18959518624109
20101947580716
17332254293150
18335746642447
12945216825090
15906411037828
18380217366918
7790934428049
14804497580558
13263226851747
14503823592129
4459783949962
12455192994651
7439716996617
12577326190293
18511309949300
6194219382104
3926639574222
6927859908189
8238593884606
3708381589474
5077614508784
5939578619331
14471926245918
15313000023547
19621321705456
13770116451707
5288143864687
17425419839044
10153894058846
4397988789692
1710641986869
14967220995830
19575377965619
17908867769837
16033104378489
5095681070400
15946849912082
9842648138078
14609200909176
7500932582959
8710114789023
12672671777359
11290508174995
3588259637944
5450627511338
1291042728678
13741787820720
17457343791714
11551130501889
10798727698009
2507029210417
9489950271649
19285891722911
17555445685166
12243225414897
7232094746736
20930859965261
10616707897945
146287397115
3457609410118
4366637680815
3524749409484
20133968352531
13146895035850
9473063015264
