150542710945
169612407332
509807227590
204627152915
277676366090
242507603552
144177914911
254883959691
537359339270
414860108784
268505824411
156683967560
2966917
283801665176
297124691796
283896773133
156066274398
202949686595
536655665752
166836404016
312457627225
42758493698
538659892775
82514250409
499931611872
531209783999
364781820579
226605169203
52431269142
337614987634
101426181919
438938640910
220213482971
121382629886
263284304727
274228780907
307824508395
182639677172
143913496016
70474997044
287785417541
341159343627
488877897660
390382918430
299404514187
115635135675
226935116866
298523949709
151737265989
19246541105
149276856705
264334677241
129150851457
74528248728
499774049725
361122515142
184751971143
294034509326
163684947426
464474921423
269015842413
174100593459
372269835556
301502795747
156195489132
42220391187
440487427052
137123693304
228162015940
464635435206
286223342611
383583678531
419506748502
246527443763
471779757222
184642746446
446607066524
357929829859
32033930651
15601128660
492007014908
251618811665
173770605875
88281120800
381031545235
438542439147
35919930909
264384234294
255994785299
207515423146
336610008480
48295705992
64946548857
330971757915
49564299054
251149704680
395092384693
67485254398
334080584546
269667610024
427771652318
243369243921
402564971167
359797581436
213123167711
473382207673
47853328727
222380920396
237837860826
503875950136
380570312628
14450644132
322308853711
14925747156
290660485598
479706997024
510801201068
277415350127
492741734677
131938661540
64000718532
51850710132
362205456440
69433551381
271132322080
108379558705
465156291406
39106558456
64237321376
112617633553
45406291539
144009259227
401583673158
360808606509
37864629606
188476053723
46811858196
332965188233
155807007381
523648637092
85355998600
280862955955
523921770900
286489757802
478626900543
403288873420
305344010734
494067604274
291748328974
91216651734
174348716186
461643263269
474956512979
534576666203
10788693798
517975694788
69218131921
446670400586
63572025974
266067963077
239198323920
172335566243
173958444850
324425970159
7179799363
371654767997
277433047065
309430004829
515399194194
414573204352
288149210612
2712305077
362807792300
2922982549
86790346360
377688424339
451270059534
371580640488
110766773021
500140900290
207389010293
123833165614
540411665272
48497228001
297192381369
338600722862
183841608223
371604564986
532324278893
198882481026
391867322104
211596559628
259319674398
188505378338
64826903721
374295689336
543610205627
304488259271
525779965536
421685841779
348141976341
340958515977
154513553056
270587905956
152590410811
492636474081
186074807209
367143178964
333649560637
320047497002
170907589972
520797423324
31862507914
373914905529
186228283329
535810580788
38482494010
269231752149
99051787502
238065725134
451424061465
238585940478
286129440024
257895691025
308119533899
321327264420
536231166995
254232603254
222345110184
231575832664
81722882450
263763642247
247548690258
21376648682
528727502391
275343908811
417274719920
345710926408
187416636921
17502287181
168408476870
33816314109
140093668527
243561949908
363582721728
406430921775
340119094673
19916346616
203704776443
470930139504
460822494740
511755143307
209691590634
478819533643
245596593565
280569814116
128794670638
82244240346
275865957485
38443197617
205480498202
345170155528
247916542404
120192315669
60801765883
345320944083
145373862459
282569227082
293606914113
93063856162
115298917701
318047776789
504638259855
380966611346
544816977348
283178555844
143911662020
173277343500
199013235217
508552862297
462442531589
435014832769
117989592730
242408353508
498089340586
367631707202
347701629352
49907302542
226103265719
245247091019
473669875716
386445955430
509072478316
171577871673
52468553997
376459907181
12216315874
35478473640
104861682491
156863697935
38625839277
80873431334
8053276850
404010435209
246046261845
175151760007
181954020279
126865249485
443266014531
522481650278
133177548922
256659472998
520713083460
494781632243
188193245543
349749411594
246776803541
116403127178
370407702543
139030103075
381615496531
508501835339
246949064622
159659527610
541919304823
476551038506
81384003879
70020492575
59443605726
68736873267
237806123058
37697515183
458673682928
54401042525
286366354233
248741600350
437659597985
267659827630
96287328585
474919832457
203823965674
105179884365
407627843643
533635119691
36287322871
329401551468
412933479168
125523532978
92423118012
165447473707
529868014778
139591784
263860887719
345900219268
188593062831
468905976528
258199886667
64720317975
449882813597
79836189225
50890819555
492646315463
230554633331
506301972209
485907155295
363857952309
19917000566
41869122221
160966089165
482303557122
461273629670
155796243467
157556264936
269057369586
359386206947
423477761815
488091979052
105566296655
306114812821
424254185396
369694382262
300297353292
239275943852
82402847290
321286393503
520082277489
238037595366
347476278447
392156105702
432975571879
461369467425
473899415848
135950935321
329744407651
157490815359
36920432946
216027721349
263287717565
361541622092
31063887820
197848141473
422078079672
151788284981
17934692848
301599680020
471365430913
287201407018
268680221315
185410182567
72055279868
97532394730
202334228264
516614815503
521808312069
277112700952
157723463178
231467765987
18681963566
320559946383
92969840213
392244693898
474867442722
507518443706
156517696910
457355569076
206372152994
143689962161
239812193903
303873644263
20626530159
185772626331
529093412709
329706718180
375414294588
175741324810
548057255883
84898356280
249379399903
11892374583
85399199024
377472715873
331980894110
414730673841
399289611586
484325748943
366297404890
206168988257
191250127284
356560560310
453117971268
195137445780
33509221832
523758303639
462492754827
407280073175
220047700930
541369367036
527182414366
443155332131
208355848690
148676058127
296042682687
230529647213
523723491316
336633803715
517854578440
357598000888
123641204935
24195620971
216827462436
17787746872
320117770318
114704330819
25083280606
418942655797
119903077527
507871126222
405732578701
86779044950
497447914423
84941244117
107140708604
312972883455
83755110579
444261030199
481148121716
466031155362
321391474300
265158954170
350496353646
269262339066
294226622880
404605879731
81904365041
178055683692
104285078211
3556354183
414835534987
165520224724
162937116222
397033262594
182414666188
510926528277
282437197963
453358239693
527181204486
310490966146
93742728588
92839964483
348807126247
214012451456
522447373443
206233164883
245243697392
36550357179
330035314808
199592153171
276404342992
177448588607
427167885019
144487129898
450385821457
441119510237
63083535931
55121779955
307440324495
286781045309
10244320696
330578324099
49583879928
59190058959
346686055253
103032905812
77873412917
395332314299
27739645156
417998072525
341048900420
533582920408
213913255553
351797771165
455771248497
400545362764
287315580653
456018014777
168038269371
334894795249
302880578399
476245444289
379347895078
539111549984
242416643193
357946187301
406030024089
183147274387
231836030655
199251611922
235100076268
169035755711
29859570844
489250977263
291598827297
20956319362
266188761226
61785334398
94643566662
327953894573
139392699827
362907480217
229044049076
217649024423
528612037139
99112684223
483954276338
44063975257
522931926441
39170819386
310084834241
445724215051
362542831985
158389063016
183596575764
458652837379
472447453719
234525968548
153487567410
434619284570
171262470900
293862953468
479362793148
454592672589
130991599997
12450865863
103260415170
295408989236
305218242366
143917085786
67394994286
546011338066
445352670999
46088490070
348398370385
23729638131
165904120621
58751420835
376375370417
92886548401
380633944150
420607848299
223779906838
294613258599
442595769074
249718401979
516194839992
493532302677
341162958180
104150482972
467464866450
160902572371
20800993350
272620872187
146876242000
524493708982
49022805978
471044503619
137914386031
60721350269
278816663433
326398578496
263372214416
153470100216
151601059475
157854739956
279795834534
546295691775
259969787435
353816688080
104068411816
89387998271
496916483487
92799417782
237310417993
241430021522
470216662925
433059576778
544102713870
188496856435
390854877486
455023261733
137456972024
477257365317
17084685589
419418121947
160150234079
262716089155
260355161587
36619445877
44240134181
323629585322
83513215673
384231514801
399369127529
361997329039
435655293039
392841820845
414587446586
200006467600
462859934524
192337194100
178616991188
361286462491
26514740908
385013613129
219209163769
4280197635
264769007260
537656968591
265014439598
107715657975
369490679608
366187490440
542600156765
214617884020
296884771829
25587598137
80604388313
400531730649
206477190829
85100997451
485050655118
342712010670
58078065051
495698165391
142469650985
185822583746
389078089416
9056867910
191580534992
33640805509
436211519048
507460599083
76743784400
98023218290
256196863370
424609601227
379813771586
14819336817
78769681713
373609331151
268127418447
51426984926
335322423602
427272418467
22770561309
166083300974
343751942378
32922205624
476095588156
133582952336
506020070416
10888705038
95242398907
110423473062
125941825368
448252241265
378959555135
477426362603
207645342966
266191878895
436268146992
303464395017
402531218970
545604138837
436006089146
14843949282
267748209736
429687135220
128034243392
214347878038
55702040519
63745534823
279654751257
242205773519
260951070080
207553255532
247013305897
24003617520
546591874929
388147804951
187918932269
465618950531
455703731062
52692547846
217870844267
326625225056
30704223463
297327302849
485351813424
374720161049
21677773154
546429394140
154369044550
223777262452
525838207567
495903544527
90608340769
180213895017
480448363757
94792102383
530280111320
371320577304
46274377753
534060366501
63857016200
133296925475
438465686325
156994302626
314271525559
367757774609
66290330633
18526050230
103215941449
179531755941
49518607501
338265451574
350346015910
359166993420
469265363156
110209820751
87148401099
113133429998
399689010506
213351433790
271762718178
361854406880
26077198837
330127467062
505646219830
352890518972
507812293749
228684807950
523030560098
478070464432
184664033696
120341086473
348059503473
106456212455
409215925490
105338256633
96209205335
426056475980
195455424882
254625348068
470218661837
181990057271
509056440275
245804246708
341184152756
222582588313
22126209889
494008867780
404336489058
426434242359
205277353621
245936524195
24676768699
424980414413
359506037921
172435204924
395921338898
22280287830
230750329806
211013002477
539510309713
529440498786
337633210738
210107480896
12694134016
453971575975
99601700859
480125742365
40484284166
102064920681
536558355527
8498810207
502056286666
19105478034
421312817724
314156988358
356123251542
87865726185
105861844229
216512594300
307852262312
322823612773
394765797935
112157556552
439563480172
380028611861
536011057827
130147962268
66001787933
283583498793
108341043426
103805294295
2379428151
526141925270
276257257584
103958571545
42266185512
515301179104
297249406271
262351968006
53558098046
346643347162
398578359988
454257372727
184735480688
519919414879
439166513294
303522703774
90024824088
529796417333
477706240768
93614955395
63863459238
358446299293
525048048375
544509082082
296444500099
77222109540
68074656256
369975632377
43909186951
420784768955
59729221512
468398475842
329839541391
379306082275
202010687928
177215019983
247382852653
146060640502
448684160394
98805238607
116163354716
310818599805
440825663332
325730195517
98542016404
347051982333
221709090981
471958111437
207665212642
476620906551
100311027050
318988291790
481155722701
403505356239
327978511411
490265905519
125020174748
173089173415
57106449931
44684938835
276382347683
215026395826
469960580919
452406619913
502972428055
149420975295
376611061785
439972285041
480479421844
309721336788
206022475336
103408204349
239339170033
334521161906
443608008801
25885065058
162597242440
198231554593
436285920429
322012897364
207766209900
320480937696
217653349165
291660295751
106537398830
138056739863
527720640942
500284690291
88236984303
9626579491
484461768652
344766901069
194447554314
349752003990
106054635238
426638201203
332838111541
109998792234
63070547231
444831100328
174763603600
537737525825
137485597796
142168627283
120705216948
12566780881
331750615254
219901817493
23202564734
418076663783
345339094744
487126029542
513003968110
325754733701
253408147667
118502667967
117736787962
26194340513
183996369241
541442488935
513941757515
281157551588
224282682297
169650744849
191849751430
220917412692
262885031527
104474814324
86254058832
511504411425
235554651278
131457903313
442045564257
296809003097
51094468747
37137014828
328644846764
535765782647
227705531073
205235421880
197728387937
423487564551
374745299161
538931099157
255659534962
320343033267
287159652239
493500612461
481379367559
205418168052
411665517983
533273585013
111701031389
517933908817
491806817130
31862539290
673267301
250996512827
184764551335
