78120963249
128115435200
225624045876
487997414309
110523303236
74825506991
265252250581
116838976340
541391651610
470547152188
432541165456
184840506504
424190721106
464707945332
111618912429
288100682913
446751996428
330088012617
446828703098
300031572682
349585902928
4173518980
109696533118
483697386041
379193657340
378902161468
97604605146
165415266678
45613421255
117679457719
500770836424
333601314664
176710216297
367583831718
475028349529
254829666753
445125288250
103472955366
9209888619
490068898834
473389871824
93574206518
420151968407
215866022210
142949650700
534411851538
20568410428
351245067538
393066029200
55982534395
458576960359
255392534136
497283258030
507506921065
508808926264
141976884130
486875167580
85024792130
86141782159
385049629856
398364066955
339225072277
314460868415
254116258131
436603570313
367412591816
289524379493
304203718114
345338433925
339534291188
120445885001
12465964202
133659362612
390437741301
258752570921
180501294402
16452327198
246414854503
190708339957
425028315742
403654487732
161161445614
55922808733
265435299814
410649507017
92575270189
395763161314
201924432739
312419888393
14517664194
460804081456
83040357892
173909027798
431676201166
106039289873
221244627485
392483235172
55060883091
251188906175
407800786836
315913593729
480407005117
112397541829
393032681483
74303171242
545632425802
137078925581
25851893460
17059031741
362460231095
67063606745
307903322947
344289398800
14883649243
285961192568
290806767100
497502721534
147151080740
396684828138
216543131429
535646124133
454850487078
192625929855
351109023826
436713690604
397372139527
71235544587
337809983528
399130457786
158896241401
236990368572
200605499255
59928357040
510720864426
197086283132
65065045319
35278829237
336166095483
293791806379
544765093661
450355671023
487633273464
1469003581
148840178544
173943692636
113291473125
507399411075
419290300551
377715726471
333153414729
80020755545
329347902132
522946918555
106166676566
173257180933
274974165896
273231953655
419878742464
327731600087
435073781199
287368452402
202683716219
390298153170
357339385352
70425502157
30117492338
527519288357
428410066575
46695562581
418413553235
52131426697
543198406985
487164066144
453192306885
426558461822
42527691559
484617929813
495644741510
95392272467
466475432312
52660417395
208386575349
450850703410
322394805237
361246950718
119365345945
390583176399
84537486807
234700940210
317817212419
40437842581
423608737282
76683971014
430831864799
502183204258
85664360162
393829002120
93388447008
381823170419
233841906524
144209564306
65271592718
128736505586
127009449586
117729773074
225040189363
444035834231
195903718148
170964764770
352108525442
96804503703
238034267120
58647191246
45297927869
338848230201
451994726166
396178444531
342702426661
447035382958
224884057215
339499646198
24545763026
57307864350
248061901812
166356846173
519384030636
366256605813
460835322726
43976220835
197184500543
108230727235
351196562604
321908415593
341424333007
453706308772
307736291199
423890094691
254451187862
428885234771
371225422173
40419677094
1146983936
382865306426
1814207128
79696284039
278071596162
543846487444
102374478066
78628805304
441077588695
237385581506
404798466679
350819966195
1659725108
331173990593
498501569161
513013926075
408602585845
418136943965
341122693906
250167814740
149294086136
511141407063
259600369710
344016692624
138446915595
155032831288
524166355516
270510239508
49589808844
188781370214
298212766488
504793759671
329030433910
40508072799
159435736547
521006796025
90356626164
230706760982
305067305389
129453608215
72679427013
463833245941
86779825737
93351601545
87608015127
284938848386
389576953577
306102937380
463781281160
133787351974
266436186548
456040128422
437363164743
8057734018
396286307162
282532199196
426848312511
1173962669
366516412174
132835033247
239653035714
424297981536
312706299719
327895620743
363360317711
285514190273
12422036134
531841181345
18989676632
11273647166
301378805281
482792433718
310236656121
519923053596
35591509249
236487704420
453911727756
166247371753
106023838073
485442264880
362009652563
484253793707
418698882981
363699957804
84678072588
212831950843
12854009781
80479608131
139251678432
358142153786
271400458791
242137561953
124594476503
206774673313
75202295103
347226546704
229247208614
158634764691
125434835246
407963567478
266427220344
422431956111
318642121987
104147440510
99699235980
21786819660
383172032507
527009801647
423277524681
51932923353
508600318588
193376963487
498810719702
474058875898
228421029960
139162433098
327532049682
461376021177
353887136183
56159372982
225937950602
442066663747
56484858276
504019294583
328105821423
284593343563
127808233391
60668073505
280091461314
492277957630
238337348249
439123819797
222686309151
86677345442
92989343611
448840526783
70577142762
56942104265
195401609113
41839153205
327783218576
34089233107
127247640801
537576337255
81978006228
99098524099
219913818193
428880255438
331086249843
409280898310
363448440056
238766406963
283878501376
522691616845
188241212725
225328585372
542171302250
155444156323
34865982881
492663152879
101081216545
511872296088
469978078192
44407308590
386647651036
513266694248
477661675853
210747056725
223455396318
469780361853
515430770785
123701319851
499326120045
183067008145
314272635865
264349044957
530586751360
288491618975
204466562042
181156444246
345223472013
440076930665
14194633412
190943716493
373312671134
479190105659
193017578925
468180843991
423555831002
109911410355
263792963825
142518536591
470068756992
178482070763
332507007855
295026286745
507264129616
514603952293
308669798908
360923203930
397058781301
190707170787
145447403707
99734463958
420863161018
243147857881
297388899823
449303584833
1346363048
511289169565
26355572083
274009072603
289957264055
76764287744
459855736150
404644878718
52902078779
356618766423
444129901544
472657844459
330053851113
320258643287
441833040094
49700665011
346631140023
28043617159
174763342952
36985782292
545673726488
233354699170
105532657424
306728753549
207362045882
86866520961
233672688934
544601071221
488733832961
312249438585
235501431265
107305018692
447266187243
444437006139
210164742638
422763412496
378715986905
145269748323
15314614435
487686186942
98746993682
469976719449
193674415733
101828875245
160704141012
210285183038
168827164304
58197716369
221878350738
133279594172
69686036684
43608045476
38030708486
348964064800
486135495962
244618353767
334620173301
455345494335
501251760604
448329314235
518178609631
492559832911
244724156604
