45130
2378
32026
-26198
-50150
-47446
7498
59610
65674
47466
-98742
-11510
-9526
27370
64842
-18294
5866
2586
-11446
-5286
22602
-101110
-44630
45002
-83478
52874
16730
-89174
-17590
2426
28298
-9222
-77430
8394
-36278
9658
-6742
89674
-26070
-30230
56618
23050
18346
-52886
21306
-97126
-66406
-62582
-3638
-37366
43338
-26294
-61110
27466
58762
40970
-7350
-21670
38506
23258
-36726
-5110
64458
41770
91770
-12982
-81558
-47702
-81590
92570
-17702
33514
-79654
98170
73962
-88534
7722
55994
-34966
-68374
52618
-7222
-27110
64666
-42230
-88630
48234
20938
-20614
61002
37034
-96566
-134
-59686
30922
-66854
-32678
22154
64634
79066
