55054241081995
14242172442821
140575951721940
88023859809714
154195973617038
146397122846563
54715286142547
45797716372746
115322008669206
47624935430375
109562167117119
12619261714586
69248579895222
102033493056201
86539951669732
92200296316186
157625627936345
148447914273934
3325687271705
133574362590035
101377691749782
123615602531067
129403180379810
961256840699
136433332663952
96629711948300
31366176570995
54067011249874
87805173145213
116112449367990
869442644745
65754724459339
8373404705971
145966218815604
53733065821602
125618774501062
74978146177209
139245883161321
26256813126541
61711036878574
29902333250378
37406884140153
9944993349316
121715540740555
63064850763318
157847273971576
28614560566502
47243012887182
86582065218157
101327755370230
15086358292322
133852286506819
115343098148977
121129465282021
52068253183211
159955908342484
110553982424573
113104647408380
9962859668313
74529537848313
108977082315142
11798027207791
11375312737985
72611041193427
11949142345201
13780038774193
107143151280063
130101081548440
144861683858862
51943147809935
72072261321454
95814208544031
55690018891396
112011771775371
24604143879201
115050285033960
70005482152952
133526914249489
87220317899096
63422110065860
35175945961316
71713792951418
67068647249526
145076396567084
118679005334802
46805667305435
24025007349833
86242690190187
73570290699414
76447997515233
42418882226101
115745488925229
39670620798272
57136416452537
9520957873183
156001986609749
108961783848878
18286570887432
115175246115085
158658334449323
82171125331308
56263777948325
102336042107949
125879380948312
28676017901677
145875240121687
67109084294064
121673077272705
114203793265895
83400458678985
79376234283335
66925457386863
69308633494662
54780846247975
50337239195186
1353944987000
418470251740
117522044376394
54316503146867
61217377581022
160026252152439
145117371136392
99347584711183
75524452770037
49380210432619
122714136232466
121491711602484
26114371026754
104385160039469
22183139789627
63189665558963
80797153780632
34518561915716
70762064244376
104683350193367
8829986257104
7646343296617
156254026452551
140155191482364
45402235140995
22875568406416
144975429330737
124063829975127
74903881677872
111121397515044
14322497473391
153294595096186
68601664960987
131074666691070
119982291360339
52777956689408
111379169445745
151895204782227
53699116625881
116694338281780
18298191043142
140784416121763
116509961017550
38173386793904
14077640004655
1028882892990
45267053689873
105046850936484
150070257498801
146938294658098
54554439955674
146046170155755
87499514540828
28488822556600
54057871317725
162221988363900
133375546180859
35706191569703
156003088202181
95425277827637
144349537622485
127981907648893
1427511681723
141497214138410
94185747933175
103086443746176
64521133580660
95819718209238
142722592553930
33468478751361
16128811648796
96649807457690
114414953703920
23924029870126
52000786235607
84634836925259
16863267010795
143550969623779
129275206560416
95003233941011
146916544421825
125225880920866
52008697353724
6336395332112
162387389905761
114459102793469
78762309981701
32698841701726
137815383086090
97559455132345
148678474796365
65070206831565
2391646413493
131385698013298
147417144705990
45741885359972
153511033821676
108172296927613
83497585509483
120898556092493
78916014140760
92041656437995
87177922876923
93283402774514
102656816961375
29829303307559
13109176901530
114260316128173
94105517377442
130455938264307
19531031979016
39181641667474
27750773380973
61058604544202
48194854799046
19745445591550
101767943853917
122119910695087
113391250751179
74148011891647
154267806522836
48825437770431
108639714141111
143069384872536
42446699262247
73700192401341
160466980904827
34481661794289
66085708544241
111373010465838
24781440448568
54629764621283
157522311904068
19168402674474
128337933851787
157463907719899
7504959212868
85207257726681
30132645947561
20253137215846
46231750112523
15167703668837
111385657261826
52462004723227
72635659394267
69517322847164
21438557498747
63735161564080
84025058713443
157799893029434
62029476242824
118644221999442
57345781604765
155487740396323
7352609108771
120058115369339
10373614423062
7596221848207
152015237918799
83162306308360
18035845721818
123672260536148
149995069437121
61925996264486
14968353624628
46987372170395
53306462003453
91063471623607
160120623512480
152805561634865
26637184484047
84014673165094
75912428690236
40617687153370
97320908167724
147868347659371
107364691158140
96591888779658
119087838148568
22596954836624
62146799773398
101244194019745
143841777342445
67109587611992
99278061981698
46682241882238
140143821448615
7571065919501
20604767111120
160421020027017
26977801401520
112402410332575
108303709415462
8076177495623
98684992510035
131911787798602
144070678002518
87713502975960
8761727607930
38880116497853
112369727384696
93602705128767
85501889833127
88612271868933
125073886866597
53317615725621
99600533986808
23599644340296
27172101128864
109839585898740
33985652038466
25301526467325
70875367440080
5456618131595
13575283639942
61914587993626
136897108028441
48934997699210
1023673587080
85908117753391
10880947361929
53747934936171
48278388322192
50547087820615
17829563626926
84411729587304
70942891309071
51983666762286
153638030163402
6541680988639
8890018375416
22647255551630
122333357450269
143501960224539
67799085144032
2101039019208
159825084028003
2726471667514
4147225855741
105089923468838
122696771670950
156034074942372
44950999898714
44409773594148
101707751303960
19423164679009
51522581076769
47201133646412
26135371348611
136628545916536
93659391438411
80728244738408
39673450983247
130500624188858
137282359451690
9307634519578
107183783117320
66587797830870
69716963762879
154172983479959
45028698320601
19251755860504
156561106093168
31003242022660
88118412023523
148043121982176
148163667110568
59380362287143
121847693674352
142821153295039
139961482549814
94345257322695
20594579410481
101935822014143
38134229458713
147639617033863
41576753816886
26360621025985
117912888725387
39595220769977
67007188350679
23802685039447
115856768732258
61027565986191
23998026649094
52231377839598
60235580373743
49253402561250
122262840418073
105240854162537
50980812061789
104037500623496
75007392396653
55458837895459
79264722713256
112854551884072
22787106028566
51934642484740
110705043760615
120297522816019
38236092972452
92930434752833
89556596597038
102078839034908
110234157396931
103758710990072
22303229150634
1946553402076
34693430124459
28366708645297
67068426416770
11829290725566
47529439470232
143919470602337
126538121371657
96123528866418
136032428996965
44386823442000
130463887919080
2271190506366
94039574658092
56521971426887
3400959481987
23179613630289
95855587597740
37524688700810
94005650511948
75957449490443
64142070921377
142305003705278
117592328733403
50521790964884
367400159398
18077972162660
20230759929192
3406725795429
95169112912094
38078642387489
156614939433025
60657424582517
151251351224372
37370183216762
35781268029881
91545200469221
145301502518131
152103722138325
66415982332581
11887871784771
131654936496599
11481719279069
145886813535694
24551422332274
98660048339159
141461479953791
133343050082250
36745677421264
49824846695128
64456156247421
139986129548777
141314272615953
84540452299587
133126802208331
8284120095640
32314510664270
137504251861694
135204783231721
121394115507515
50460269928321
6726444513726
153124323526586
71448012764587
73011521442871
138957756826076
17095665119276
61218404283230
105698491966701
1336392286337
112638799152921
38083875075744
156719870996323
124770477283163
27679082119194
318852221747
39577321358923
119884853543962
130680751151165
159755348930380
11864185936267
2734220404007
89526677952037
96606691235322
20654886412048
104245919168919
47663768475916
143785504388495
137756866121452
42004534057769
94598718361188
73635386903041
156480306361123
110118575086460
60339133374543
96464159625883
157536325206981
42693326825611
25777349890578
153298527284788
56624750113498
85734476746657
72258183815314
105404786090876
4044420630527
74775906207607
39341932064663
3816498328948
62069586723202
70932504174842
45301985232295
101222304324079
93926362842316
26222095243914
152478771204363
112218534054347
159124440027409
33972314825150
141156344326855
161921052019094
28563305217898
153498349971402
159285025875297
66433294480193
19763958350922
24340428256535
12721069886075
117684707388967
143515685345706
71644296637371
95045358307100
112584080078724
61492751374926
133189008153237
119717821169895
5508367850391
158420135465883
108987357480540
43256112366447
145681215232245
143342793155395
136620623844386
48985186307452
88938936945284
141126769021511
145533590310625
156382533971202
13490353049380
159899310467384
14729596767086
90668251879750
98121706140542
96997701748355
127864780725651
160174610507285
55128028685895
68066208611955
111229414266237
57656700612994
87962875356764
114108567685495
86983659546401
34616537783101
17373364757883
102104821738405
101619707407983
152460613264764
34048102364085
23702305015483
395121707306
74576575981555
13837878257644
73903790082708
46200911755753
119735220405350
84277862618169
153503426046438
3555954192126
112034647027941
94119345335287
74497280295508
85656424617585
144644622391512
6900730314607
9746563977094
106710044328803
129759988954862
59922527060323
49790576390965
106048830487700
84175066583291
91976663976417
105860697198003
6166459464819
10126054057670
95343315724129
98831589584666
162427246585762
150474538162753
6715689347075
121769658008128
114939064638896
148057362796317
8440852610597
18243433532832
80702593675400
62478522513664
156813083036413
22374627548529
66675890361225
40008625924307
57094197634520
26002155441370
138387042980826
121724805856932
38612043347108
39687585948164
7226337375574
151654398522496
13026789276299
106942984527453
143116240785957
61588600973380
98842132094416
86093920425669
42546378806199
121431859179497
97142522283672
30777675078232
161478690802436
69518981755007
61396747662776
81250397590816
24927738087991
45590240321945
160208194736048
41332269491588
13222753262946
135306714563590
128644407637541
982602321203
162108831097380
120280895008296
45530509086539
138059404335477
56022169412690
15476590650494
61773463265549
145327082805595
74860008644381
75216403471492
158245009852066
46292673028512
134107602669155
22513931837688
6873170266880
135486659388045
91583890168056
129312534757585
53746697650035
68140205252717
156556368960313
54390494092500
127896294909624
57564225027880
78412193027500
50167560353653
34637080215558
11921920922268
36088703821814
140639761355376
124953741509253
145034072773141
96808960988656
77739935353339
139812172191019
127402306689444
31142938824195
22088976632970
106621379278384
54211431541832
113868833366862
28385568418125
109747184334006
84963815547905
31517156547789
146518434124904
114057063077971
80688122520015
69212027270554
136184799020813
51108044733430
12825103983786
24704050874253
143370398192835
156288850273909
91255491013555
23594353165489
150255248102380
28850624002332
46598210991062
109762706227915
43422909643964
23635006199657
95887337967959
121144235488999
148637705632870
31549110601014
1586794640699
106346167357631
129018290839643
58613503844830
22257949005189
119652187394721
56136219832963
154342760779096
94798334158267
118411519909256
4273677557803
43118349855113
145692476169201
33886343300476
42788022953127
102018061979967
75575767180237
152566057365521
117236723279571
137706532798757
93559336085114
104819178137155
153825578311281
11663908494320
98383783952096
57753245782153
123252029473860
9480930503897
56400671335348
112191926339724
59246552491210
22455630713449
141442239709389
145607325508837
123393492134231
64868150194244
28563163036088
85779496739837
47672571801168
139381569308174
143668677019088
48797913621716
62838926803858
114919038426060
47999547559934
32698883451635
116941151329027
71937055616820
132458897400581
20359076263800
133326853949640
39418405812526
29393936878331
162731574889198
149528430047425
121055416023313
57666638064809
155901932452549
121203269275348
79992688563056
19892415326818
79217456204099
22314841854953
148908243847112
41164578043966
83616069360740
92212560531010
133429581631024
1579123181392
65783264115281
28086394889321
134122298256422
122046083087114
101628507678539
13191853620608
109616805015743
86184268631392
6651141395741
36685677567907
56001512063768
130091686065932
29630669260566
70935098535373
26318162637560
121641860640904
155719861566427
57096187740540
107765462623028
20224831713275
36982890849608
4866813333426
122009824900831
33719530890428
100014140748432
40482273025521
58321964152595
26125885568278
102985548719368
66739315288329
36870207572602
26056776591785
112567553463764
160147549060706
52068974789749
155717327223029
121718666427464
15775720017027
123366306001050
116574604550049
8615778687354
31569437918109
31620794742274
29532548175170
33341429261853
7780116346375
73209108858862
68401088190961
3401317935834
70911801842121
46874305987569
143038360357185
52713167815177
101878242122957
128136783468478
153435004816191
104585978614746
116036489913061
69954343594387
38094720165825
144293523251332
8530387316953
153313528564471
90777325291283
43666403823429
121076742954432
67293388130623
28234658643458
104310675690861
70699701017681
57579896248035
99212792540612
81091843456843
93019127293927
159673397791378
150341682032355
12294303143159
83149960726879
41260064560286
156452737142878
106205593447283
15256017322402
102850807170190
118461410050090
118099554438901
146981477795469
47513102393785
82001582446402
156525458553295
91175933072460
15852491144009
120212369659942
133893656650556
91550835610000
68616737497745
78838522818800
78977657297482
63825255716651
22628686644612
4915475902611
58430124048087
143440601452310
5951074758101
99594258950388
30502240565073
107218260918463
30658199814686
127681102454310
137254271054247
148264034356081
161797028789537
44751759406798
107685239457116
25430698945597
21726406106313
75063845985164
117205674157675
115872087994605
144280803780221
108047363238611
111059273356762
27919553066160
6475052637719
136460693354719
37253179718414
159649697565035
8141214070636
143286747759313
114896116896612
59907130105531
160880042995129
89225504518379
134118765682728
49178709920546
29860236443241
40169103243421
17483482663403
133350669624663
125183899705780
72881817361447
145904828137755
30141695978169
12723072977222
70690767705610
82357463244067
85742914593373
47272826725031
145293450817681
145629940205146
102403462529482
75309104755227
9610722257499
74019500588775
77053923714051
161397967946688
65959149877638
105657438203805
160085273896566
151491824318700
78188397878281
54955487249470
133613622656942
160865076252822
81141315452791
98099386392386
92221034112196
84492388250180
149560069755946
21917543202602
149150170024415
10940506804853
83145722826879
123983718118579
30499130877578
42296625987858
66133727608905
42711276321719
11685143603920
98289957932677
47618572753119
68456521283885
54470277474261
80434751298258
19773322991252
81490531986672
29913655792297
139980953285210
66349957885601
160162190248957
123923864421148
159193611793213
16854387181517
84870459371057
23593755307253
87033900217569
112934111043262
9305718580448
119597997364421
67061546688696
61260836640306
101730855337479
141587363658753
60900872991122
77797538090953
148169857528455
148169067759148
63965282943607
40337778997586
96557610837058
160678457998313
106052767315627
100075386244533
465887999144
34499549744148
38826629999989
12282651603233
153215518573378
112767134948336
57095386840998
29297534874969
22110366083707
136340888520323
83551722682570
151701178077315
81222114016788
76506875060997
44719582328161
40979727097067
58752498228036
23644315909422
99469424198394
114008250300052
77470010943601
66648779968430
160680782720032
76113948618751
134433205842576
21676943645499
141128770104
113778761396557
30401675386557
66343899755724
139641956508312
93623024352690
106622723571548
2321062354761
101608848829899
158665183415757
54612714067474
38449088818549
6744608769618
77829994633835
134082220293743
36164477919044
136176788691711
13067597573494
147497140077560
124301948391636
42336096539021
35383182687850
52892199583115
9542657985745
48244539299862
16116392128738
38401643053931
83526829346354
78836927388026
69715731555445
28907729927029
751008882004
100177841304688
110114076049215
143692735799926
131211302456724
138081756779050
79772378279143
26309360620445
89947929520751
13538450971598
93543187876736
45926436483113
5693635742922
85252549262979
161032084921394
140005294281157
62850160637907
28603399221464
148037686202708
76853096349249
130422167310042
108412531023630
33397362032374
158066448626804
93109910104078
100305004959312
63484910695388
131305130855876
76927461591970
8908656945017
143082191154545
106927346338800
44863489763362
143076783065897
156790434240841
58579718015960
32607070429801
32832210911895
18164573562946
29501201753679
31460727886031
70623828316265
10150978340847
161943382170394
11426310940573
55031439894725
97627193968943
88310594512499
141856732709294
66164235483845
147671302944867
72784572627302
39017344106953
98116010313905
133891463354441
158509584116125
31708755244445
151259637756774
67226644137428
91469510675473
37331760416586
67148888516677
104307271136487
9548730051973
76511177877689
162710501521538
157477083451819
120670277361396
156693504779177
132605241470350
47023180166460
87085526142122
75652772230832
99668672625285
110471413680588
61228635629229
25415627113493
142255660345963
65136139444000
134140017578110
60465673257877
143355865437581
30886036081765
8794389961956
138527488529907
20867236052021
15168498525335
7124997996434
160284314658975
126006537348067
105813773939874
95318333265596
36936063112907
101071277615542
70604456183607
148864225470345
31786627154845
13124096080047
12348106444299
147299610526748
73912885234701
129644653342275
63070321145846
71704234512638
126517074948178
154739800577066
36959390289092
47954221813465
146014464080211
82964734317973
8631345562087
31283943503352
129930657658914
63127533584590
95326862739947
50090009630068
156422369129845
87338484477361
46150288511204
113987637064504
63602980441497
124152611864619
130895283764519
70557058889391
27587905632112
39102187547759
1179973085962
54842066528806
75947304270410
137800927609172
54357450572861
25037953061222
130409470701796
88282406057743
71121247361956
154711243895202
81587065041545
98774794370057
128852060348173
117601270873745
94488725368589
17295117576993
112186511066223
66111073699453
50231269267311
150249098093555
117996092918928
155568748555250
21812016612817
798117939756
9175950429434
55294205580027
99148302198877
11711011248352
126607379032812
129099034616398
71030046693341
66330543490879
99291170610652
68972185435218
140380296584954
146015039898157
153033329003252
137714236099182
124994749400038
153380997335288
140055036967666
142486216856791
109207856573079
29140349403911
73878813899206
111706496985625
85985506906540
69935540644594
7638590793628
118213272754316
16013239293171
155518413339744
128992965476153
80175675896820
60579159936443
137601554784062
93156948265835
8012908663594
118764112013097
104089287795945
81804771703228
4691928592615
142339690776784
162098200559805
152376938226417
3152190386540
150377680027854
126422280007764
85239716776614
67384088620879
144320011992278
148611105963077
53837664612120
76141474516989
71158197741808
81237469948334
34071861518705
48175657180057
112873006690677
8381193775578
39465272351663
132850593578288
159605452623961
152736493755669
6030818440702
34633078870602
95695067027887
99922011911519
15445284211489
30707359062301
101578121469504
157186633185564
37120396919097
132814152113297
131734215037571
135078649696092
103529923468374
103210659641801
85541866265835
4624902591980
17497901732178
119890857890456
37914870241934
99496204667397
50345057965664
29052281580469
120783921745215
136795224689636
148660607488851
53163366829151
74453314697549
82061549272956
146845912004711
162075088262820
66567699604931
35317865980024
132950060059886
97154097112107
60609524206888
59713077317860
48856142041188
92320211608654
47883335956767
10680245654797
25921585551178
102363426292860
51470804818536
156825276697573
19367421356586
79628508082687
82463697409724
81650925752347
17655752256880
16112481335002
143246193454776
38685081644457
159164354891889
142516520262485
135412522525724
52331821495231
46076114763265
137757456617857
118647644896824
143838860567342
145712160982618
99608661912982
67455864303317
78947934392143
52698754042138
161820841881500
9501473745829
111878374336170
88245624416129
16583495489146
52398923174380
97747405197311
58650785499660
84231360821362
77622974335920
17348886207433
124797226661881
63462577487617
45128109591165
11300114365437
138598129774429
98957068479380
100685733473642
49067107439797
82033620379945
73896628483653
160938378660568
19075578679227
59361446301489
58517432302658
10047891165962
116751596723721
11525745683951
23594191592277
60510943720467
74685529770219
102846269580720
157076758878402
146135620987979
130604126968330
130874133489943
148968232620286
109278272064555
117093041298443
32619476859898
150534975781206
41431186949092
17276142855576
102030717658070
106347914681180
135305966035019
48213573649468
57983233897865
6203008870024
4009193223982
144021321731228
119294789757935
38672006368813
17103220675822
132893512910772
155722663790709
151473071830011
74810976726814
108514490458401
143477467213448
25171324654790
7214608109804
105939261044900
24943847885232
4321703819362
24569821895314
32880182912160
40551805792708
143681337825501
18474976628922
2498641364345
161257390969279
34355871555797
48775650431129
148679588334075
27721527426159
97400848554689
47713887814023
88200746670991
151539679690425
4617475722105
151892671290414
99230757891624
41459728527622
32139664764164
59489510329978
33461228619698
5782070385995
108568491458826
125094284737643
110239980767450
121008450949298
125920062752040
25157209189941
121894563833071
95944592186435
5822012862380
87444821023191
122720244900702
13716390913075
39024360270833
144991923882233
105309983370384
87395160688197
89013926865450
64175254388785
140583185076639
3466200131605
129266615135169
143590657727986
110927520531514
56519233065764
115255138532356
2869828145683
45681137988324
57005592022470
139922363744327
68459588516559
62210861098035
126581797504417
31245664478130
78128393690928
65381740704048
23910184787746
66915611386226
70302204253754
108396542719352
148397565437591
85035971519980
12556327663505
152351840815900
109828206845898
27529357301438
116972401077294
4602425253607
146673434448625
70250050729188
8007426425137
116074766299479
160812470000052
66373393361961
116040562636371
57548642897021
118628119895678
54735331990779
135993971537527
129992346491733
139332394790692
117914663340940
83545761557119
129351997329480
151904568714674
85828358706462
131399873697441
118513457266234
123428636096682
40548051316833
109936384024335
36090656756710
131803697759410
67949970528711
49553070180224
44556087240139
28059773189434
142182410518395
33596049524773
85898156417857
80048704808437
108669592571644
17023451370544
136547465178989
93317492978831
83553601416353
22760320283102
74714813366296
44743394482589
72084078369557
66311405868931
85565464707471
96655814843420
153782741244334
144831158801517
71608288091127
80542736808742
44540747995152
67580610253775
160619142508319
159818120531302
123157616485718
89091290911898
12995862366496
10253390226681
151074291272201
87086459503045
65799801305228
61255528470589
63066541325635
104302584744845
29157744818143
54768079403754
106739853846412
13438762127363
126937892025831
140485755422807
15219818422878
155837243874037
14891576199001
38278659085925
101725381493112
21688836769706
125523346695597
7124687864591
73244792742577
116891970786058
123994773562552
78664226785415
123607381331981
89430818374122
22947227981893
83857778420903
121908228840508
136977970062216
130599397732114
65569158344273
145214250711494
85519840557930
116366488464900
32829945784405
122231007355343
94748499806330
133583810314739
124884587664899
93434606871402
76918794597843
65345726197035
112861857058750
145440286349239
32635586820393
98897964983758
78111902106942
149165677674390
75734455421704
121014136042419
141136602202555
81102850594387
107770644995392
51448389010096
979935642053
125787423187571
156947377008447
65852362071588
121076437239443
56328065258938
57031536606266
62341036462389
51084267540733
141549154067763
96102750602209
101545582395839
110048777285698
63716224590448
42590799278201
126805768850541
89649046266685
77726023230436
156591101991560
154186466978558
32065073100229
147688350060157
139202701516310
106209500927727
109225744224654
89375766678118
40523539564790
62271560774930
88276613353067
71716623799540
77315064390957
49160920856631
100646826352069
155503972733975
43451295620308
95254477818899
61518993196663
60346624075173
7610861432531
94683745542796
122720845487607
82036443882225
103298589224788
829716777912
101728923178684
75556448260579
146156793447205
5919265004971
3555010568350
142582698486626
11442672241345
154376842225241
69954758731733
70320877998402
128268909222721
109789384015698
17310165046936
139896762988556
56622691524319
51119131210486
125791263551901
87186555130330
137737387620429
39440126556033
7589953466725
162409791513082
132786869116918
79855848724683
25808722786267
158217939669713
80277599777396
123327737611182
59297320786972
108052811628035
1195506392978
131283311364095
73098310660112
139411247511891
123289841574636
106662052677057
110376071774736
18463299341351
131161527715032
106482698731567
132557998756379
97323035012849
48424837335677
50768917512946
44705596512943
35865941948599
118518805562248
35786761429602
141218940618344
115079682659207
86223301563020
7852212577353
55560769108993
123357513683756
130652703842069
43607739899322
84950458864657
77320104096387
81525208389674
105695704579354
19690070360914
6083140441176
91856324166752
75530683352560
114606562309921
29776862482342
10773685291325
75013348506661
59180871991110
103135128894147
130844851385521
41258649866334
158713290139779
109868738708734
50929736974839
59429556260983
13800237935679
111269865800894
146404503774758
95357021813728
149299954347958
84494272280280
29746195599809
43834825347005
77195399133714
107542604036950
61495077549863
74889473933522
72590612003037
43530388135471
114387767434763
79267027876176
119945589180841
16911110490326
156163585548045
71110868904531
120627010831232
2624494862903
147046920123718
36630337454493
115414241057461
16265483304322
128685691717291
39623651508134
135413912495863
140439367355751
11108569212765
104409582661317
127783754909527
27997823416568
137026655583795
113948680863140
131269476907680
86888851344315
105048297385423
132294857258205
135662941116884
131956530679325
15377552799219
26947297934188
147603502987626
108376739498689
70754860077617
115068296585129
110902601387947
113585639883253
151960063776150
125462238926902
21441796902738
1787533750754
145205733106310
155708249704646
25390046574809
45245355319990
50410003208488
36131464579909
157363734800892
107953133008353
140417358663506
82450720625834
134067915038516
87632303009339
106959683644028
107438914013847
133328342002880
84895641751459
54966159836236
47820959449927
52309340571591
36678677127917
89303765026309
83732534326149
55481196062950
162288433850491
72583033976235
89896255969363
27863619067586
112994938368944
99428764776969
117858355593157
5657259052938
10291724087391
49929057600097
57288311068736
59812773173446
60495695605713
7184143060781
153070078184381
47000716622309
133399629435304
82173176656762
102121228214224
141572169839723
127371066737509
154105069639057
88032056133992
147417927085318
61122088124063
7698279612241
101606549085676
98798119348538
57116169872103
130404067110068
43908918699286
3211038396022
48423956102343
99164798242658
93441940973117
127298988352239
59119901941927
115638899659215
86001021898233
136381066054531
159098779684770
128466232696562
23455384390321
77204492043521
41021862821656
90085717110012
115543751972605
25319245444248
45167486482782
99979573985923
49327214541154
81837178434018
146882015959884
76126201106405
137310079985981
10918449123403
44718507276349
13400505784802
122144720120776
116799284542999
689284494530
32082547456671
66443863492714
121276430807677
90432458149776
154790022302215
10255492104757
67154069994429
111128659988766
65554002271981
118205994848142
23056304185214
54732572837487
136671685229541
33612084009799
114523467030749
88504911359434
122106312202587
2556119197031
19967963098521
121012854634535
43088150057929
114360852091099
75636069699627
145814340440980
129903639400819
103030446224815
48423894161341
51575553080878
55209123173379
116061172215571
99539006779167
70813242102808
150386168949727
142732347086729
155050421089380
111662715478247
34223702376843
20762798278924
49413251183058
34221949722722
23624106979912
55916298180349
88381804720333
112846504369399
19140008147766
99655598219652
84266788530661
44765783504432
141408022018508
60490308297957
71044219203412
162211978250434
151060728588551
49541442522799
28488583070976
151821601354958
93866734940112
149535512014841
62002459365322
42374562428413
81957946447950
144913684676807
42871557301831
55292734230285
150944974067705
126050099496147
149038455785141
122312664732160
158876934344691
152457703612189
16595202004179
74898223945873
128920861036447
136913401367946
20709652303295
127240621076799
55712508527362
146661460913652
87813895547518
79160444066246
53267212658123
26142607711182
77893853749026
11911036657526
3194579493500
98329625753996
27100712440378
3054654096394
4904081058111
99916166409711
145620865929817
59835900080393
58383340880904
110486602463216
123979611585361
61212933582641
49077697475890
68492913618243
80530677788529
79176872136120
26954183383498
67592486902408
142528613764652
139167950786686
55794982588670
128772039828873
89793494475220
42310150371547
8554385440785
127605435711491
158578075086161
1426473049274
82423388136353
41671505957444
131266415854782
19443672608385
6536172157377
123721622307452
142852646451915
100310166989262
85031353080414
162611096621707
140101166262027
6062407810125
121030796814988
142363535585613
150154414186812
19187868536932
41596532849908
67146883341102
53588364536503
26971141393206
8700760724985
119334487635145
111220409747051
115875176538360
3175440079150
96212961220881
155002678275824
75222372883199
132983098722254
157257688349562
36458551904802
57463233360089
147532482598089
30067925068051
135449155659203
119262902605123
115149544924701
100284584732171
111276664270534
11248470224348
113885616259584
60563357417463
24041554102640
161317578967367
91926772140561
26326877052126
102160398010716
137030397684650
154517449123707
87443215232083
122465354757422
128372602929085
155222804947954
108925491530545
42478224328415
27928851350152
58779181318592
87342672474505
137276229369516
79006180548230
76566485045090
157127622548687
103392896841712
108372750606069
106573244772985
38087512341886
50572118928622
43757482973886
24582794375464
101442168239707
159358958696121
156282800372731
146933035685082
29001696497955
144393173921987
9559204470213
124008672468744
159570935524334
49986430620307
31739031300579
79887863233520
157717125746938
16558382456284
137887922935836
79132276504881
116899084261438
103092837193123
64457922016343
101626722900621
835218333907
41446420961387
103906374285546
152220417829520
86968808063220
121364483492180
26836635668770
16405928596458
83148327711597
47371354301067
46565482092357
51982544396843
29440172173792
56677976626591
149966925113147
80039565411067
113017649189207
113788539900346
33582711358122
15175969905649
15623046933528
101167932941543
21268834003297
147897198913795
103737155752230
30737044568451
71980524940897
151082347451678
71798939264907
139691419857171
141026677025814
159670829668097
72777251162239
2407205269744
7180811521099
35093813283296
161058408677066
38400774984568
36956259088010
101253225819004
81995908670292
117400105114366
153789277451239
6942010704894
29434258736693
39183710183963
10692590582912
52632823142182
72021750228768
84397958641717
34118500057087
129320624293760
159891297333294
152995998713262
62549269295531
77306205621811
116465839903885
129193976992339
160166704960104
34524011526932
78378635605138
58849886834199
88719484951659
84093373533231
73276395739831
84459510498156
65451571315912
134945451548178
143048979144251
82867496874934
65562281309371
114151831843834
142259941381993
105428119743647
12903575264252
156380906583274
135283104637305
92510227809305
33222405409625
47763425665803
160027592442913
21924753927627
108249950589990
127603485122435
69911188689627
51431376494162
159703210096009
100422997157841
74489409943006
60466079978132
159993660485041
103410317818533
94590307323078
66602725023324
151842711165266
114758076577691
89656285934004
93201684281436
14628825578736
92076871168317
27479901414677
86903119204311
158546445372314
152145724024777
34553194207691
34202275829885
158059201424764
1332988440542
149857802013360
52151338180197
125618642674379
151415984357214
3104031015825
22043925990914
124617397969449
101512209093588
94314242450225
131215146015049
79468293089957
77424412742060
28829452339693
45460354751381
13690583306589
49546806285276
89668333359539
121885723841950
88151847626236
47228670353538
52392863272021
18608422053306
147563069157003
92889603730956
2682154488794
89098986326783
79853041986410
24741836657991
156527941243663
132864180791211
63753183213684
96473380801992
125887552067424
140984679974307
123650163017978
162166081637585
114795966698889
159063061455452
58601753528323
80377074267104
136829855430188
102660778945795
120641518683326
22381356728963
51427386804485
108685993315121
127862254727793
106783154729660
105360384770399
70722424504638
13893886794433
96894612102891
116404160952677
81171741088597
30143951860624
74450480357045
114750702716222
153911859144567
47088460127902
140773938704532
103590386895090
77884236553504
86480656613619
109251322439744
25344625152347
109710550617799
30524162360595
77084762483062
15926603979746
59059225546225
143481112278836
161476393877170
63182823729503
21739773543734
152783028654121
147318288913257
58248432205989
94771624947702
160864671998086
71999725515477
82011455490566
12265552394769
112179349361054
40507635961409
127749303029578
28108823815778
153770284722472
5223370912865
124946531374984
99292325685549
102109541579055
119792241341489
8737419317247
111166172839096
112138908271744
107636844818604
29629533462147
59939743893850
69398185344635
109140617664968
30398805511778
152208134655803
99189530649138
121839257927713
51717994393384
131585215885807
148148147782963
139359540809142
90608129349529
37150016201855
64929453814364
108589119599528
150020256931214
80661925824591
147177135765856
74370843110665
128124116490552
37354674276347
19108758274855
83796758974729
35714463780546
3585734676127
94244200854359
17667198319310
130396561338479
81381714470370
55329539960336
24602737199522
30451362047001
65250662446313
115325220802522
119176240677545
34085260663115
64379699269319
149067111782570
93595407945395
56843751102754
8498315478450
36853656890937
157183919747852
121019584895019
98691896425278
63044898942697
9128216006984
67094192289670
89537144185383
25382032872090
160533677931697
113514324895559
57193247441060
98114082419067
115061441533015
117087310259365
67704282516518
82295349606904
67441778600834
62989187616113
27059111928953
46050725308623
42988385770459
79495282983749
36228033842031
80349133731196
72302330020228
140617000859047
144557953393670
143790504029908
154307250370414
121628003376174
45563005308670
94884857835419
8123526826034
36578213586325
78714290203949
159445305699750
120506251701446
93611203278804
137450487248457
106759037535088
134478740286120
36181872499535
56420878755745
12522222178295
75603288950527
124621199675111
4583260536797
113180641193985
116884793873330
157667699327405
81830781267613
82232679482481
89429361833086
77877924830406
136610995387575
6370686223410
7693320247054
122334358930786
24232990881540
152660143665231
85119757969386
93015532780722
58400924091610
103284778003903
85994167173579
19317147360493
22299758430050
119165183051420
124779657768048
140525894965868
27190507863382
147692643238856
138283831255556
128250968056175
81199387946379
62795509414231
25701878746503
34267153420072
99175299030736
91237189723184
2143389160619
62269413441018
31293896801278
133404460345013
15296571338788
31171407248591
146457593566574
720289343740
106508532601054
148261614494097
115102792572155
41374145884187
128197814661250
10903249741484
54975496475366
143500189264924
31850890377483
115777738614731
116532794461967
36953670337293
72558314241617
81522629188321
44255556343786
7532517003983
22893973008259
60037242767326
91769267708400
44298625754212
108280036761208
147186813804825
146205198638459
52063877672841
117770992706352
33712417054011
134954007636971
105997031051548
142529915505165
118514841677649
161004578541130
141570317140616
47325100855561
9881140719890
78754274053655
115222749325254
54100169219426
47118130818685
45122328544666
110431898140400
137359918048502
105253548015039
12311712633682
118056320161220
29912571233855
71692287297372
129768460752550
44031312838675
72944796872081
155814332833388
124268518230730
104912968712728
20727009080600
160753678259039
161551571446117
49675367781147
89305209926732
75853509404885
127057561969695
141280152053611
117628072730295
142024097422120
96413864114225
32933792691375
79798490984620
17379013460839
36860249394892
74606944449952
52656633109130
150775200870256
140373954803828
152339659669196
84143928178540
32114545074862
34940044373938
50118170195830
44691599721075
152205304533730
110079915796425
84009128799315
59436597244902
14775934420877
35767980427104
61017974070763
91358518247117
46561514272484
45324781369024
151818327501682
55257251021201
162691913255245
151028497325010
72549565718881
111976524134137
135570304380351
2500913192186
33829445812037
86108568782987
9687609092960
76842446993527
13919241986003
36288320758561
155836437946067
41697566685175
86307358290130
20901791400408
102958228142737
96792979972720
124880826003975
128823714405815
56975674788105
14476098981626
87101177401446
47048874725973
51249225219437
92096649339797
137394253525468
62802715478570
57787469647203
59205460935030
136089045399792
28351361194973
88920755965368
29452749606658
95204955443767
162207197063735
53271710128812
133656425491258
40126257240352
74168815550622
103406969038946
30840649062518
44727030146571
66502030236124
145305804067427
142499178920181
19572545563400
80985515076826
47315080840598
155494579470941
149282033459207
29823109704558
158862165680166
159634546959240
99121507629697
140928649228118
115141838356941
147949034697009
158681647420877
132963370585386
102818621922773
102976493925404
75433300034062
12010188422464
82537103100127
125761176175316
16997313162984
16866510164524
80789918855418
13558494734016
425893450395
9514262524095
162605830387045
2255662952522
35517693301722
7688636794321
134770055211646
66212877358785
94316081054789
13289445050788
159244262852059
1513846268232
39485033919398
147799563598260
70523714811332
52451592372539
49089050417047
105959283206335
20671360078086
124209700670356
160572789124814
53771833138888
69691527039736
56850919392190
88176915199725
97613639636697
138832276676579
41351218116305
40103841006608
83648286550332
21962906659925
6008016582985
135743366399502
18665552679689
33862029010858
2101302059182
97510551763580
101387783051094
99410448620022
77360267580616
48787581291569
112767426669186
47805227612426
13486087036656
107508544676218
145481669800918
31489038090602
44662120653652
127857679498119
23357218417453
80182477821496
89074059454360
101459610345455
137541045568496
13433066125923
126904324206706
129327569716259
89113310541529
70832240644571
115402221580079
55301302920063
44764364680262
132145273344342
13925569938166
32937791272241
11848360327797
85572158114369
110155991791951
80493592934548
24023565380710
54282288666775
141744758473329
4907040836259
111187280094787
6697517195752
130530718877281
53846304037608
89111695031699
16689872498190
95994918650275
39430022259157
75036959391125
129056376070280
77532277021799
38157779205909
124526857878371
155634995153803
61930193841900
55614878394248
123253820330196
45704712201091
84234720359976
35481314415819
25267273664608
60099154577714
25535089892368
122487217984234
128883300639536
25811111561077
13442562096076
13317509070153
101436713708002
45225570507095
12202002981441
53239669020624
11738024242795
137624057215775
63724544341044
123383073118130
110372866628722
157729743810244
146735909546009
25472588427885
8534342978550
118392132518186
113692082933681
136336029892788
6848984596085
28411619880156
133527621323035
74303647273010
54849382414521
102925119319597
89283714191435
72793134575986
4334602024387
36701205874544
68150608570149
141605587991815
112226765758465
499943348620
139982023265649
77452006392167
28332796787617
144148076392961
18943090963881
112856737669642
49756460992832
87595291337674
119958796424091
92814110681476
31990998375019
73106389456873
103081576695691
17246833313394
106865766235850
51371909720048
68145301458704
80617070410228
155944395797950
80639455836985
123132796842236
127579690478249
66831690499968
105964488583711
108719548891073
120880359788469
144981356445933
138359811593858
108756155131801
15818874148189
135639948016048
54592678346739
67793684699789
107041189444506
32696892726948
140785320994663
9045595502532
25475470203095
125102454475904
56741394892916
110570830965086
155433000642065
161668584126864
126120064397685
104860678328832
157570734430181
7770553222539
120955093600445
115461885363691
75823176529948
47136198500755
130543192451083
159691732824230
95793044944320
100282800266981
149372372457521
81132730423822
73736981499452
111303396661663
13551842134495
42301201974536
28088812165884
71234481879548
126530246084088
14803468151877
2479563018630
11402452239054
63016516919062
44785806771794
151120779817638
158830523660305
131431412704934
59356115542274
108981113231769
161141818458628
72883787240877
36633824388401
16441253659424
55219758867093
151454725998617
133508378433590
6987563560699
151347549185794
26786251594849
126309215121313
73098113630114
48834991212646
100452888817435
154198611039619
107849894746806
53345861989467
1484112476110
73504246639097
74428688050505
58012035513184
67791061703143
36124578480093
135713851693279
76045192023627
144015450574694
50581289676453
104325909137129
97421282043528
154127871931612
84806845548424
125465835610420
88707374209027
86526535698170
90779472473655
126221067508891
38227879748105
74426674739144
123737847032750
18603756286904
84358813016215
92113629490328
15148396353460
46364786309852
149957854452384
155211493777390
67586998290937
83830965621556
70583892862413
91185295112933
6962080528356
68744918279328
29470217553920
115906870314805
130093966811049
63827870927207
51439168086048
2988315950096
147833048671310
57883172416452
56160817536872
12795853280003
118337089423443
2497756040132
21081764526017
49747606883355
144462757216256
120176855414759
17592291589762
104215387686657
130656425850825
50771094345178
108587165569850
42044787253835
12091747968040
158582435817391
12583707671163
23637349772628
65755448743326
39773119951544
53678643176296
120933893426955
123459598941016
36381405409110
106602502016690
17068317385444
150187668332661
47060651434064
157303187679529
157885712345913
5050437759378
44503695224037
55547041950581
82827588342105
13028528958803
31691887903341
55786926202836
26953649602363
14192519241367
9335664463129
145525788585634
128927571712321
131101110524390
62841069545616
145213042332705
160581156028457
71378545033894
43850926637376
19884809893005
85115386046732
23758446511615
127066249194996
134378492489979
107858903783382
95877242225239
36878120395330
37832433459686
33354846219099
129689206784215
149992727078866
130008894013111
66515054221775
55080765235626
56643898732570
134678995216650
153572937962816
95890863183621
131074909695895
156130619867081
125827474578028
149923125319803
75850673425214
72807892973214
20201499224464
48985175466163
76593628888893
79031341707680
156395870543932
32954324161873
52678610706292
128295434111616
11702630376713
149011846259835
122899782770810
127853322587643
113936842705861
148957087692659
36063899698126
94397043525653
33937362409256
52661262399828
25875213014971
113404000918945
33079270581643
9501673951083
27687108743241
63514460998579
26433189021469
64394735536516
115445603935902
18760665165842
137417611140644
34702156024039
161414544931679
42865486654504
80570063254655
34631157002245
98414343280624
63975323206083
20079010807146
143003629436053
127514004881338
117686522529081
125137796629128
59464580610931
110656112016193
118636216015603
32868391536094
105590688219307
10708940524997
129161118419318
25121617485482
19327202063319
85909784523782
3374790708908
95583490531657
4837824900685
63019170065734
430767794645
149054244517940
94627647610121
131334534232955
154253156473316
132110032661440
115582837798926
56383886901470
149874755694999
26583903224035
114290193082
95409373044188
10895226994429
95895889163232
103827954327562
69869854889720
111717630807192
81304926657814
56240662384202
129237313157444
8368708016654
159278976354333
131576699836076
48751642239239
47143166446731
57364243190565
119195143709634
148647549377807
53139527247564
24671324497568
81463363653973
97065322563725
29346291518571
100043168785491
30679926370237
117072817964620
13283382723530
63553663496261
82770398169070
126188447908319
44608628332365
49272996947831
52550414676742
36548175967441
89305153229774
79990341666058
13920129160555
75085716067517
121413623345215
80783015655645
15362365293820
114266677948603
125559584418621
155387511316768
162051422519511
24694225598442
10861245135643
7204231370886
111101846059642
41990091041819
55551836102738
110537947869777
68378419828491
3105457865158
92065119525756
76570085983994
80628598267015
95140247575888
11733807749014
122484169475625
159517940203347
160391067282299
9048503256562
63372627270196
136701216064563
57003901535594
24611882006299
71176572763377
100186898188132
110095707139434
83063834529848
62134060921113
25194411554614
158082308338169
25094772513254
93875808947800
119778380149380
27648594069518
75894845713635
118961095606683
5263186400987
37958930481107
65857526250586
118048040863655
3580174180351
128291393261207
116237034032107
89366948711124
32865597840081
148055511013970
25575258146063
144094635376401
39916317090136
32440895040672
67905337437813
61706693440941
45735022832111
149618803230091
95835073034012
126010095754865
129478257339685
58097323604743
129791276289543
145379262983093
93668547984478
51900489764185
107417882120234
149230581634699
89451254954108
1289525993748
60740648882575
80101941136253
90682759617027
154884988076061
130190393833524
130750518740039
71951282892234
126194827094416
16227555813841
7835077256774
147982655444589
47006727525774
99238681971191
144783968105237
131125249386408
140367561511363
96709483793272
29698935033446
55031729954964
38671591678236
119319114445791
37843119859034
3511622125319
136771872339474
72963419141262
57539938839114
78780571246653
7064525734812
108123839252105
137559977575048
14765252145807
19187141957772
24105790300276
35095540012126
148410602594180
159605082625268
126882911018899
131617288484792
20150667246593
96672054849110
146606228613911
14592296046563
67125247541702
38198090343632
82482349826764
107673772518285
45249761565335
111653003867979
12321214923691
73834253222747
127369826735062
47515193951450
19375620228020
23457286664943
132293260117996
135881545996743
51835566814321
52625484363634
34999408546809
31098432750629
138235812756614
61808244553280
160222290033556
112393317044927
118734336884013
124752283512178
124021979976462
127995166343302
71361957616160
5769692039499
20775676175822
40238192492571
158897591476253
32464910067571
70910235920615
26895955942680
16843492117536
7222614374301
141998201167930
77092442359416
122426481899223
128400087880180
17671399607888
81381301370175
115915342219524
105936270494163
145369892995612
67028119471124
122259373535114
136626162521275
76554375757033
91857026500765
153170763173050
33302425709474
84208405844030
70302468285841
158840319670316
126991183991721
104155355825307
85332490433441
40466287239103
49566711163467
135027893156806
109026518803841
101969840820080
96220990439958
36040245689505
77561076146183
157396113553274
65837542323331
153381030554240
152328002449569
98752822365574
80827839088239
156345353414727
144555471645267
104906230054946
96450095486493
89716506027826
87164668368308
78154155116183
77424490566587
25520707500922
28599062023145
104248021008142
146078121576559
31112447554839
77965482845049
106837358321673
121032191377711
45837522807255
132557779919696
100905334400668
58398003363593
46940708026185
84875984900099
17754606938283
93377230013855
5157504602181
2306787352881
123773036963349
145220257235032
4513327143001
26653473234094
121368708288509
36411671630479
8191428397691
2208061310675
118613218492194
18247240551884
103960089659327
8385805974645
83144770458873
159225415594082
146051889457955
109374763788023
5636642017575
11433388346035
124307576622300
51771714207694
81203495837407
66312169104523
87591406574948
98898511426426
57666192649465
145582047890290
41220822468402
153767775855264
2160638515009
147363311626088
107633758259454
83495616718164
141270858308882
82494812128648
93276564192054
105031976366726
55860042538199
51271303244238
73274532519475
692869542833
125265955789181
8840801077677
93632572219111
87376220014089
136521380609847
46093347147968
91048249562296
78673348292947
103102501552396
90623388300705
47731226035040
18854942409511
70178510970876
144721513271157
159822304736781
29184157977398
42294636924246
58906375028440
97919688808469
11685460086613
21904065865166
4015184736618
80465418271181
44315475219175
27547488161006
94430961261590
105455373579141
91180061519158
9833288303051
496468693914
37502010338667
43357226251916
8073048263018
88077094233706
128057416905782
51507180736273
146607023642914
109442987267252
6235612953729
73418227474418
156449257237233
72278399795716
1759071187838
28162054056967
86136216876854
141989421129024
65248338836734
59576870410624
113043457978327
157231875051215
132099085279366
137594753454550
44634719062690
7932207911306
41794069184766
19779918998791
138291471764021
144352283064137
58996987495322
160904229227936
103240924499866
65642791504396
83829162168610
115044615535121
130881030863086
84193393129237
2245321391774
126888849931131
131581544761638
137441714654308
20930552543039
56447311293584
88940063170536
13035202783453
41540012804820
148228406003087
79399722676084
124596031975251
20047262301877
2500981690643
21238684356829
155933316783373
3141696397165
8613940378448
49903464071350
88993795971696
174324662403
124221062438736
126669440914124
108005857073474
53887811031845
144798627636380
84967507778002
81184750562067
147795996030312
160280629229947
145383473615284
93600555426680
75492656793772
121744357856880
134367835569205
10252670486703
23899353000063
33458220574906
32660082940718
52628446954049
137986735737250
50985757984599
113152420060123
146813897561352
126018785379270
58832948568565
139157205282025
21553118400720
79198297085679
85231492746691
91104750079896
68176853869537
59629940180111
74513124982141
63654970172659
132907786118524
75973084469442
141356756397419
52463550157206
144771636404165
22585950394280
27809154263528
103896893624903
113220619330473
134640946868843
93808051288741
33591510290150
35285715331369
1682548716812
77096713087717
62686308588428
104099896069866
127114731088375
77606890948783
128745072785078
45023974725408
122204383662052
119425793218646
81166697959197
27328160165547
92217012742117
89207911926729
78861300429976
18782330412428
156105967947622
47846795662043
131479846572713
81929306677347
58782884483796
6391531807501
2061580357812
79029529332523
105900296352663
126270166817664
95395267765401
80776370254757
6408091116755
144395945478354
67187434630327
100581689769694
90700934896103
54046094376063
40710899432646
118361060299345
95462820063831
78760453755794
159478819239123
109838477943670
148443441651914
118643106202861
104322303462452
159305297361233
124420041592403
17666551425071
138589070237124
41495637457156
73484307179546
33125076190106
63341603056456
3241362513158
118585417829621
38776519948747
126361458204509
135773130880451
128091979035779
1097174672150
48508756809484
107477301864082
21585240801291
115977906185588
3705848304026
157917280733611
55121403292835
2010748227781
71591962732904
89463755565394
48600735368677
151119003949819
75694064984241
104960201468807
141431200896121
45622830754200
113580890580393
43677598300100
95811274074905
39398552646114
98225240491872
98154973187627
146327814487086
121567011542877
54863978878009
119901620888703
78318444258385
41888228056411
160548893811962
125482591877718
147536364590655
80167507972007
159854025781487
11113898964251
144874592765763
22130144772831
78320542212552
114254683542895
36381556956437
11664335263076
160069367266782
131390177802589
140151576057
61809234799196
82427811583051
1204102951445
116858433295852
124533614167930
144092001488236
127256611319068
71245854020620
15628673104640
106134365084821
112487381216200
76419583179582
45987255149029
100827026527825
134799308364856
132192949574797
156375278191409
32058616813773
1652227546315
35053901270896
5467027327072
104641012993798
42633256367884
92577408089408
20529562557106
26601354245278
43018848343471
69936217363779
55257014762481
107076821860886
151783153049701
93669189377642
63329443317132
155662550773014
91523873223183
129030574719557
143840934635889
13724788175774
49141630273185
32194935756529
128448394735565
128632212259247
72283508932710
42461344196013
93697086080672
3092553424015
161871750575303
70111813855453
18315086985524
114288059516033
159074087886678
49572011841257
154073864864626
151847230225704
29928368493888
28115196278953
130615425504188
153675738646179
152312844371241
153839766263984
115290103957895
96475683627044
74972610938604
127867359322211
93516444601135
54546708244853
158663778802
51033662744535
33049924150107
10450261808000
33966528852360
73500465784959
70202981237089
17548600492
44670680658310
84601723188926
80867651739489
2958042905492
54023616764068
79926594094017
100222071677603
111024614988915
145438065653770
72606709002359
729150496715
61740743499393
56340249770848
131834213173952
95205920565109
29257083687152
133354770256184
160497495583302
125196473942797
83405457239111
55850500357759
137060421919569
60649764588459
90570533217363
44379785382039
27450073147646
3861243072938
13934015125822
85165355575916
100307443969267
12479616079589
155149732997196
100664654215936
9079651599461
56001826900585
49748556304466
146092605482071
147366983781667
152181385021448
89166544753446
87164261254755
74997170529989
30033989684080
81012019337498
7053429007604
142486772548734
122089722244958
40489342596584
9154947139119
123806538617723
72835720410496
162044961449769
73677387255026
63948797790882
6538229180593
128007883256284
35840399405455
3401648163254
50947840528053
13229653230914
157548330723601
97023602540896
47541650065588
33893174256718
23916177122482
45789961492939
51112529718861
62298376209140
73639377006763
12614152924170
55403828364964
75535618406288
24169305416304
11655320271357
138689522667440
2932316672833
126044195427058
10087126151716
83940804252002
73457544724127
54414232920407
117227624416157
35784584389187
118350406306315
83764772799426
65407752575465
124226311076088
44026079447587
162401501444832
57575753306558
31548105382432
112194352051863
154093525353259
126374031272903
59767245568055
6475173059859
80757001754770
147097456633899
137098449772604
18394128998051
150602038238145
43764684547011
131979034495251
119889913767793
7892121889772
126126760038706
43121935579204
85771801115697
17202112805781
126092401266317
90390395973697
57363858270729
115602766293073
23400581023057
43285283239165
71008065999004
104167478379213
133775610556635
116892773913992
57566848500157
131878672938030
132494690804212
148509451114559
86356162803205
115541052424444
161572998249358
154608367282742
107230871853309
98144016442899
157306124672425
41320550871090
83632330161463
95231618931127
21186279751844
38567385265752
104100922451612
39997649728012
154411033596468
128875718905404
38516036734749
34439258678263
38330743531572
151451091756358
30781257979177
82865808323119
51288398425175
152648619179345
39704705679523
137488349786907
110319360833312
12915370344053
108644754760325
58796091572000
40729491952502
104963313012083
55500724428355
9145011404475
114942836332609
67413982055791
114546478341967
145149800627104
31780647106520
98041110652524
118238408094628
59942180291817
15287673765858
154927951928699
45935436276573
80658100816419
105876168573729
61983443103758
68456450452156
130564100635047
23219301296278
95426285336517
114299675997469
30445314200394
102650460699513
81606759347780
126580998924933
92086758021661
25123608899654
34669799613729
34643837566194
32360496028053
76727295680267
74396701017424
155548673791791
82093768037548
107148407442636
120476932301576
57004436104551
13371574342260
49684726659020
18743118631832
89250976467527
139569363640940
123446715565302
122609073659158
112380594001049
46102657005497
90657581417239
119783697983276
43302614388702
79460677328827
127965917285255
71022643256174
92256936270113
155694994040206
106861197900707
161459821378225
118015703049647
157879017250973
35952673042579
144322731756029
28005648426569
77331662087564
27502103326325
48457043310461
74627970908779
5765138700808
53710361126776
3891972491687
145314387734635
67377021689577
128656484133273
103561654471338
99510026207264
120884716978699
153772813818481
146372892846592
137667202307255
12600885363099
107643448595106
134665287836426
117116887930335
134376535421655
65741809259066
9436014211664
44491997879178
134113985795673
161722537031211
5576390875375
38532281209106
49445773816840
69335465948778
80145984788963
62662420636156
89839930080430
116892229281190
72344563764491
125428877687905
96563358985490
33038809185738
93736443574095
82809015856933
162641421493227
140590008226698
66188493304280
53046307225653
83882325093054
24310152597470
160325418861833
88356749802540
162379841965796
160896282751679
109623641044533
88993520942123
89268714058230
20589021969987
64154598007335
23648400949108
127148518497691
84565628738319
127247078611430
131807947093093
83612787061666
147095716686547
35694784561561
39696866444874
20164281589148
28560301878720
20942263177996
79331506472947
137340830236351
94868223254862
111039364221881
132475011625095
140066804944956
6364647264283
55284280690171
152502027379019
128863653070356
43840626696132
81208779671756
160763655446406
93738396846560
103259993831605
133084288833749
14864394838618
77737866362705
9379566713050
47672759296256
84003471748985
61932607733191
110404967144317
9614650275776
146800038182281
28708285291573
68942962164715
154997156340930
51176316247445
152278035575573
73910362448302
30617500351462
129581916928568
125187089746094
33839102356585
8657512892521
40473458775113
78749552185335
45095493070278
28642964112132
68170448161938
69238541571598
21081191363477
89549613915674
67835779331213
97602575421500
102903823306593
43480398751122
22262564122442
11906041701322
7226345454178
84529272850428
134768600084358
90230976377789
12308107872875
57909751968284
151056793362328
37190709858909
17003646184460
129884759637296
126370829792333
10942819270692
147804205293459
140847900212138
4209609177143
156661384237084
40979931578325
147882353704669
110247299937155
151832785212743
106210368438615
134637859963089
112807062723409
58422635113222
109862881078098
76500825751659
1054003160800
14979906004088
72475911930717
100899766971121
102232574778648
50089160339798
60605410095200
144254910827082
159743908214869
161719469175232
67836253785568
53760095608603
67241555327790
18288092449344
1424294051400
14757644186323
86802221504559
58784176133728
128019964599042
140761829173299
58684359059265
160759491428093
31638760686572
123401990411335
2179535998532
91343157898134
73619573546814
15522601850606
31135714741185
74320382636807
62310438013030
65897130258112
129953900068962
49576545295629
18919567921539
134021684406879
107104543158187
84566004237248
50219144342763
143078197883611
35805607178663
162831660268197
18618506590688
33937713927272
125345723784089
59203776405529
63336821448152
18401028027595
37572778366429
34093129070388
107142256867405
53765578748058
133962509545084
126680642776360
131656829508888
139326045810854
52828620903008
27402013068566
84673912626348
80845896079029
142752492840486
104534615295398
72779482015607
150455869156046
67876371811900
134300038727838
37303497289351
123942010377675
55936151438024
57663847748121
27437052881966
24695697648187
161776983656655
66482717695511
158167093243589
257769018792
143075005950752
116840664073047
93657875316140
134793555987583
107997202000570
57548454359418
66192704839517
159769642892448
56102381445881
149203756609260
80011971496549
100964014341049
151287880895137
144570037785864
37853680599774
99843690725154
145296743680901
81269387725577
52631067769378
16373430992525
65347657197560
3398548740110
128892573574794
158444272843548
91364885651444
105155442007588
134979542907548
45522893789169
56288260234403
123343752321167
39148860227666
155414741554436
154928883603274
30651827535728
104255418760663
120285592853363
104803386209162
85059984954339
145284549022409
47100360022148
36142820545506
30689688043334
81180293614303
62425799415400
96690888059639
53435043117493
46596435882857
4603750116019
68117484125304
133231073285497
79511062427399
54836690080802
81148268156287
155767597785029
145717795408814
118788108130451
64242047478753
151428773688627
9723964088795
5260814289370
24906631234541
127401867952293
65912661840968
108081661709586
83879481279484
19888662755482
60765438745719
2064665065984
70039276411902
665683402390
64685558402948
63931241901180
88626047257551
114623254297777
3973376498917
45073377834244
80290010450215
108865281213227
5647659649196
120533476012215
129518055224510
83067453555306
73842597642910
16135035081550
148351685044509
57979320618025
112543286328046
117575179273903
63345044466187
100956693624281
68841424519745
24998510309593
69575299244155
100281681625880
38542656173346
160869898022689
132347581160168
30697211051871
33766780280076
103432116260421
22913192859590
134950040868657
76028987005201
31629944295334
106472820806041
114353032145067
88904733572085
76791678950953
60992913929727
140673922341972
112526868101761
134490605612771
76512482937073
58008115018270
151615677678495
510015098940
