280152188656
162246998789
537498375
139394651912
309210980605
250142211222
65190400221
361384128695
513936968023
370657067096
20820260241
216063923742
83289467266
106569973138
510118313103
58940240331
114279045217
95491849037
183033129445
421906742734
30738052689
61409053863
492103004693
47701964283
46107548417
504906946201
108648220099
400351648874
329028334604
258467705545
425356301540
203992390653
24389525640
450161784415
178453164928
74394817426
306703848501
409252321902
532878185150
165166778444
520243131117
32074208477
103300639996
226236313931
354313912537
410818536392
252534431402
493989308283
81828378149
283681471329
315668049788
373022738221
534334202747
42075790198
494662312676
398461750130
441853040621
47543905928
191538584314
429925426603
517309791296
412348482732
504726731657
526256368009
590057787
394942308264
414026787903
280384644434
79398779082
177387265433
389082015483
138043534863
464498527090
370395056777
547417467367
492540049032
520715551091
327236679262
152457421654
11248432714
113869493182
187596277820
265662915836
350986400358
153126490563
90677746885
279526571000
521527100566
511623908239
130634969748
334030941078
497482954485
46766530898
394493649799
405999729476
520384577650
322876866528
75486323042
101268318061
525706231777
542363519539
263122619323
159272641967
539844261643
332454186401
451309580590
336934275190
334791994537
160483966371
339735280934
4708069965
358422584877
363769635103
304083522040
508535670618
247621553964
268407244751
323262975390
385819700776
341732671407
472010356238
197224833443
319689001377
307425601765
369649544338
497849491640
529112658571
419386313451
