78120963249
128115435200
225624045876
487997414309
110523303236
74825506991
265252250581
116838976340
541391651610
470547152188
432541165456
184840506504
424190721106
464707945332
111618912429
288100682913
446751996428
330088012617
446828703098
300031572682
349585902928
4173518980
109696533118
483697386041
379193657340
378902161468
97604605146
165415266678
45613421255
117679457719
500770836424
333601314664
176710216297
367583831718
475028349529
254829666753
445125288250
103472955366
9209888619
490068898834
473389871824
93574206518
420151968407
215866022210
142949650700
534411851538
20568410428
351245067538
393066029200
55982534395
458576960359
255392534136
497283258030
507506921065
508808926264
141976884130
486875167580
85024792130
86141782159
385049629856
398364066955
339225072277
314460868415
254116258131
436603570313
367412591816
289524379493
304203718114
345338433925
339534291188
120445885001
12465964202
133659362612
390437741301
258752570921
180501294402
16452327198
246414854503
190708339957
425028315742
403654487732
161161445614
55922808733
265435299814
410649507017
92575270189
395763161314
201924432739
312419888393
14517664194
460804081456
83040357892
173909027798
431676201166
106039289873
221244627485
392483235172
55060883091
251188906175
407800786836
315913593729
480407005117
112397541829
393032681483
74303171242
545632425802
137078925581
25851893460
17059031741
362460231095
67063606745
307903322947
344289398800
14883649243
285961192568
290806767100
497502721534
147151080740
396684828138
216543131429
535646124133
454850487078
192625929855
351109023826
436713690604
397372139527
71235544587
337809983528
399130457786
158896241401
236990368572
200605499255
59928357040
510720864426
197086283132
65065045319
35278829237
336166095483
293791806379
544765093661
450355671023
487633273464
1469003581
148840178544
173943692636
113291473125
507399411075
419290300551
377715726471
333153414729
80020755545
329347902132
522946918555
106166676566
173257180933
274974165896
273231953655
419878742464
327731600087
435073781199
287368452402
202683716219
390298153170
357339385352
70425502157
30117492338
527519288357
428410066575
46695562581
418413553235
52131426697
543198406985
487164066144
453192306885
426558461822
42527691559
484617929813
495644741510
95392272467
466475432312
52660417395
208386575349
450850703410
322394805237
361246950718
119365345945
390583176399
84537486807
234700940210
317817212419
40437842581
423608737282
76683971014
430831864799
502183204258
85664360162
393829002120
93388447008
381823170419
233841906524
144209564306
65271592718
128736505586
127009449586
117729773074
225040189363
444035834231
195903718148
170964764770
352108525442
96804503703
238034267120
58647191246
45297927869
338848230201
451994726166
396178444531
342702426661
447035382958
224884057215
339499646198
24545763026
57307864350
248061901812
166356846173
519384030636
366256605813
460835322726
43976220835
197184500543
108230727235
351196562604
321908415593
341424333007
453706308772
307736291199
423890094691
254451187862
428885234771
371225422173
40419677094
1146983936
382865306426
1814207128
79696284039
278071596162
543846487444
102374478066
78628805304
441077588695
237385581506
404798466679
350819966195
1659725108
331173990593
498501569161
513013926075
408602585845
418136943965
341122693906
250167814740
149294086136
511141407063
259600369710
344016692624
138446915595
155032831288
524166355516
270510239508
49589808844
188781370214
298212766488
504793759671
329030433910
40508072799
159435736547
521006796025
90356626164
230706760982
305067305389
129453608215
72679427013
463833245941
86779825737
93351601545
87608015127
284938848386
389576953577
306102937380
463781281160
133787351974
266436186548
456040128422
437363164743
8057734018
396286307162
282532199196
426848312511
1173962669
366516412174
132835033247
239653035714
424297981536
312706299719
327895620743
363360317711
285514190273
12422036134
531841181345
18989676632
11273647166
301378805281
482792433718
310236656121
519923053596
35591509249
236487704420
453911727756
166247371753
106023838073
485442264880
362009652563
484253793707
418698882981
363699957804
84678072588
212831950843
12854009781
80479608131
139251678432
358142153786
271400458791
242137561953
124594476503
206774673313
75202295103
347226546704
229247208614
158634764691
125434835246
407963567478
266427220344
422431956111
318642121987
104147440510
99699235980
21786819660
383172032507
527009801647
423277524681
51932923353
508600318588
193376963487
498810719702
474058875898
228421029960
139162433098
327532049682
461376021177
353887136183
56159372982
225937950602
442066663747
56484858276
504019294583
328105821423
284593343563
127808233391
60668073505
280091461314
492277957630
238337348249
439123819797
222686309151
86677345442
92989343611
448840526783
70577142762
56942104265
195401609113
41839153205
327783218576
34089233107
127247640801
537576337255
81978006228
99098524099
219913818193
428880255438
331086249843
409280898310
363448440056
238766406963
283878501376
522691616845
188241212725
225328585372
542171302250
155444156323
34865982881
492663152879
101081216545
511872296088
469978078192
44407308590
386647651036
513266694248
477661675853
210747056725
223455396318
469780361853
515430770785
123701319851
499326120045
183067008145
314272635865
264349044957
530586751360
288491618975
204466562042
181156444246
345223472013
440076930665
14194633412
190943716493
373312671134
479190105659
193017578925
468180843991
423555831002
109911410355
263792963825
142518536591
470068756992
178482070763
332507007855
295026286745
507264129616
514603952293
308669798908
360923203930
397058781301
190707170787
145447403707
99734463958
420863161018
243147857881
297388899823
449303584833
1346363048
511289169565
26355572083
274009072603
289957264055
76764287744
459855736150
404644878718
52902078779
356618766423
444129901544
472657844459
330053851113
320258643287
441833040094
49700665011
346631140023
28043617159
174763342952
36985782292
545673726488
233354699170
105532657424
306728753549
207362045882
86866520961
233672688934
544601071221
488733832961
312249438585
235501431265
107305018692
447266187243
444437006139
210164742638
422763412496
378715986905
145269748323
15314614435
487686186942
98746993682
469976719449
193674415733
101828875245
160704141012
210285183038
168827164304
58197716369
221878350738
133279594172
69686036684
43608045476
38030708486
348964064800
486135495962
244618353767
334620173301
455345494335
501251760604
448329314235
518178609631
492559832911
244724156604
253345260210
170073056466
478327995070
310957206772
161118210322
386837244494
351651346420
446221179326
73012562297
185086826518
22200157432
288936568416
68434225391
176639152976
194535756132
291449326186
178672396155
213788031217
257719460365
31249478143
316947915194
152886095634
189950750923
416710446128
152928932471
385768189372
26014213308
483523220342
258314611969
429835973958
79408209
316406881730
536545918216
156879729242
164742997527
142467270110
157959088187
319906248797
457122910150
446509455314
548186881722
176644812259
260646501177
85806358529
394794977308
175480431251
316548591968
207371754509
51997941987
447060379326
203042531253
103210261244
485608115133
57153341541
475531174672
144976153895
499958521014
59488309726
289188553109
378575016135
93433838353
161728183270
244779998078
320191731931
53280624407
35729251911
454848389476
141743232483
431875915477
528233191071
45578588716
104761764135
60069948500
79017540939
71925067903
160470457949
373407624951
168135693747
311116484370
289375548984
286777944131
37818634136
374549275339
420084461032
369136326250
362004656616
329232293170
194669813924
277400545723
529491421041
305011879796
83580883186
337298814369
160288001991
225905266828
508435946079
329337284106
513476542830
261309145568
404035113330
401755270500
165311556675
409674230751
288388676347
114908876351
121189055798
537137834043
6223980967
148243593131
522387127951
49483023458
114766679225
62924493868
336401257911
59178180587
328952139529
17385335198
99232984826
51383565666
413110931831
276638131659
459622840851
221194466457
22094894870
388242706179
167621633327
289099643413
264468207066
299915454193
131718049986
451572402926
335804325274
120717576574
458363173447
505103431204
186464811901
305603233383
257962820139
121378617045
402592381766
146005779109
540600307116
355925563720
10726053680
200509825333
235756843308
216787140953
272079512702
427309867048
156188576646
514364765814
189718457939
359492635376
442117973453
3441861137
292896328703
467605092360
276858309202
197465825359
142603579511
170299035886
398648754108
243520913484
87009799971
92346028155
113047514330
548336640292
257593273057
443185067378
348500025855
69256508811
75947098241
522792944240
274205359090
216115849674
248666728905
226436410923
426560913983
399208514429
507789751551
145611474470
325822956952
399188410143
399001980145
53306095605
511596500553
397107490582
258536331837
183673449686
50135318520
173142997572
66113041703
225004113788
472787533931
259543855861
385273356377
539791717725
158102720278
198755818119
494849024302
185317947968
522848877961
120171887872
286647487399
170263222864
365446411658
249476580205
92335708461
446256204504
157386278310
166823979626
523686458254
9060326641
252215127949
477965661300
530411240114
368675184750
450685904056
420994752346
191910362033
465779215658
147420378688
517247678693
205513821125
142458365927
127860087099
346110457825
174774929596
272352681169
320272574551
32850826888
184718194981
392830407172
468372925430
393847847611
34416432315
451112222695
139036575402
310088802989
496047606249
418482763403
242359589501
44801710770
157772430879
458114041729
118331562760
111727176667
15880630662
231412052644
60581715130
510718345779
107080045210
466525119022
300307458906
24667731534
127595036124
269398183098
414048495313
167623947433
543125304103
127085966357
395106784436
233555423468
95030520557
29809412365
532223532922
445605381316
423405595547
139111245556
369647165372
260616119517
228564172980
62384798080
155030546663
226577145728
156972002049
384085061393
6256067872
336808838583
340510786816
504173204746
116356588253
403083206134
10874475291
188950122338
412774048099
62465177716
320941115183
60473466907
422278476259
142446531697
469229330122
309703979886
250725739161
326006723442
463551206891
433955474527
400435715374
41430445011
341316462507
411102677422
63817306826
270134164265
21524842965
416639446974
111072225213
322081319383
147171536385
334578805833
258616462709
20003339794
234095121894
395247510940
388483471659
385081991514
286424980956
102898484146
15596816936
206618814138
157537129616
214694339851
414260783063
424810711499
93283074233
350699290509
486172262299
352314343986
322485028881
233640619652
109451662961
420668186862
372184282869
255222386210
421106579868
14838966146
212666871952
172081884044
423750844053
236585997764
534976702403
519251142906
111729295161
242320740341
261763482387
435478782199
87507087670
494357167
181166667324
47673857103
45078615911
341511744342
426488374383
152730957593
40076869591
3222696615
398702874183
216683994928
53910567286
171247698050
363273978040
373964019287
112876655633
33447299458
85650002595
147210031769
35746871158
21624954968
231919777548
291240207845
44932869539
474868660561
344947663850
462293656660
272483319789
394305429431
143166966837
411521866933
540124883249
111308184045
2967880457
526551478933
282060472925
47081250441
112961989722
502483462632
181022000435
318864510378
165254381540
82918570066
208860914035
231414984085
453618374722
35573660319
432499794513
121354970670
534681400792
123542719896
37688097951
37927129341
174848170092
507902288329
95053256637
511402757258
197784448572
85183346853
86910718701
244759115443
485811507414
464948724642
368789807880
51069394467
53217628831
285988666044
406458521194
442608041622
439756283821
85673273213
225990854244
474123104209
312654163942
475660892230
171693119556
111011032188
393513725742
524210775057
189501001634
509142717400
48935428009
24710830005
535787394878
439408089865
81721506462
224965531690
45641154640
494337536218
414875360567
207505461075
548973726141
366720663612
475656997679
311566890023
165133333125
500046767306
188423460649
389637482089
33255521431
6386462674
303797667369
357735071333
211360057300
234254418384
255091012942
389620644498
248651814425
154542124306
358683409433
397192294537
217183921570
424932502673
542361857512
347567052099
64143268521
144405247688
228596753509
204734985846
154532561326
210196358472
373039008660
60210190293
323175744679
416618606923
226517544258
119005541854
251126443329
411437478886
340219493854
250258754893
157580009277
264402733130
545432849007
421874476892
240947965335
43998920140
519799978043
529612854514
176298181581
303174948208
338480164748
414493890909
457649783893
350727626116
218258642492
67394241839
76962225858
113460723298
327699854925
481147284923
200061123069
436391835631
380565729264
472787052556
500438681989
528554145868
312762677042
479635633352
435543592474
255280006773
2180876002
55624985289
33822190270
317590151038
310280039561
217176404200
370779762953
198949473255
171857372074
34353583281
81704448381
270546123547
418721205990
388708188334
131528857075
434893599331
56929389928
456316545731
200172285650
7378753512
397046003720
143155329236
181923401791
28588936362
510414018283
342024604985
73888735807
88319194613
224282297253
117524821211
261247824350
245510832525
102700433721
486936617046
536768995108
70869374136
248961039358
69108279139
77498193563
323450715089
157349176705
171463175433
36198663336
65395883712
157425227772
291708585186
254585698413
54317506293
439935085982
428653340324
60761617357
545088998700
330192635025
185475399254
227133008035
311378340189
271322030458
162470307506
29401546040
365537229370
94095490651
486008897356
319016945131
35132405533
148465791281
524583908778
426628997458
108604899274
22283562711
191028315542
379865627969
420052459704
89830379306
505267941410
484529485051
358630433199
457189183083
184598274991
470137734733
438155649626
355029065915
297190752252
195908760438
426700719858
123665552612
419271348209
241155748835
250563397282
535265572656
299916943511
256147382640
449653141823
5795334320
400016858871
36770792965
7995730558
319589925480
251421791607
8248009982
93123472784
334741979751
540410669823
299215149259
266071616742
398705795256
245342865288
356099183655
322625091928
397506560969
204221017703
461916235708
483693477634
402390269953
70407954693
299682646098
372946028359
164071676048
459813206459
258665893008
128969549152
523891938834
122728364248
30351244428
523437434748
526938002964
537828696530
525649113366
212498748027
65281612593
402041604480
83971291788
330604750666
278599129226
428667937589
361278493220
279554308080
455109127715
374794577122
318666960083
71704778653
484581235630
188493242005
347226045087
532605847475
56545865905
327068223467
499726012864
82013820516
530988526928
272370971370
239525774163
169324608460
346826462981
269555215305
132921346361
325917384645
228053731666
141883616477
221870830599
307621262762
271805515183
53860508597
162071972005
314054704227
292895340304
21152599381
457872467060
415652290303
324503606832
302790760563
288465893132
487656160166
59307006171
34478313468
20442876055
449932607111
394600216142
51050157711
356182244065
151430663948
235298530645
48398298576
329886226415
134871620060
78896884109
303029648343
345207842670
217015922854
449557756890
159218435035
156453836622
321878668023
372985061672
344512905457
313625419915
315010614627
11652177003
534279422195
11849443826
478762110417
512018601828
458708288339
23050332843
173005065090
466728154935
158003944272
526127525168
195664300604
481314237496
492384635542
310394157188
6994118755
159155401080
111924190777
70656210809
141845204821
134314121733
374888264908
452753493840
509420653272
383149467764
134935863277
174619331023
63748579658
328366277610
150319021923
197668271757
294135012793
446713766032
229009502230
347298472959
98016089705
177960831108
293545577193
86608547280
408194517754
470974192662
352018566077
172459037518
169551729976
250569845258
462945386081
542812737921
216083226242
502725991177
405161051153
14295613342
317082150735
512153899213
162579299742
70038701886
537805974654
341394318246
453022516939
19598676451
179675479069
262668657095
496859069965
212248988663
198300776250
395631735635
13294014380
201326739398
467598332225
136057400246
181549919236
392632028100
228376551572
239770685031
437733606288
10820968394
60179418453
477332357641
355818037601
66846701499
520293803788
390244491075
400535994967
80155747859
431857791645
467584127854
529011549827
424587005219
122795425546
109525073415
509012679742
32942491618
261133306798
5477510501
80840430174
374900478837
266318468357
324472361844
15164994695
27292495281
418004680842
419395082171
362370772171
250789444862
546905684672
474791217306
180883998307
348348922911
397499759376
333237700304
111083406923
207999086849
176620517681
192916024162
70550986039
529212064412
396814134671
435632003361
406417702767
518561341219
140253158577
478313621443
501811357727
99806012220
526707705889
396611715129
149483400698
336300915911
245845980126
70596345643
258426504017
62240371996
369190185864
81993507044
390452343145
103053091909
527756361301
311761449336
327459356624
491419114301
321892285610
500194447528
471050182883
532210790429
375375835925
449179351855
407944761174
447009521464
418574499823
365213175261
35319044413
531299130054
131927805687
89904804659
406794316350
444076641944
467211782758
397730918297
111676195979
55256686069
474242899828
177790864233
485514156860
53027785132
237615285638
477468650435
190877217386
544754295058
518587219704
160933410208
487019530884
300999898725
323371369544
436506307688
236019559151
435813709900
319831749644
471182828269
302880983800
496351832255
191781568251
13132614836
449615703152
63549347069
506910390849
117993698381
275483537551
333293770496
432488980009
511253535198
419777506021
60299701639
511648245298
319699676601
207520977431
421338578613
514149289125
57812130781
495382022483
451813490287
194266874141
473507768884
77442468591
375244186393
291276116823
198990962208
268350201605
24251168667
79802431671
122568194628
432490479316
174757076255
360169520211
184384911448
208548464287
123246587542
512273520943
403156439239
145586930790
486464624695
123897996968
293783109242
481118976973
283724625614
424557079790
153979135930
411905328678
425855013088
81371497768
78277221620
514633817289
362485095119
531193553072
512150330496
77376627382
244313839045
502868912240
287111564965
54945948293
2734572757
299308892082
385137926427
245284711533
302392388130
529850164648
319304106331
92541449765
538084894395
457522496158
294108831761
90605843068
250448652682
376612569660
9408748335
549412502542
213502556726
222051261404
321976422451
437363758079
471145660315
143987852577
430250565355
41999002955
22974689103
265823125355
221402685115
543924490776
165257103426
340565660267
468362392224
172218060906
104226486411
506928633360
325673167846
100822546414
117173275658
45530917086
70355109231
430533337596
365030447993
451101731533
303026234232
238297718585
531440298759
373023881282
368700376647
205591152190
128824055682
236042131764
535187592061
337522761210
342382647317
465191150411
302152332801
316729380825
302960177872
174029571221
131132996519
340278611138
16284153912
462092935558
78733457605
548875585645
471613878926
10682542304
395090485725
308222693076
44220573011
454602676282
349991081817
245597721734
197753137678
44918390665
419078031920
333467485840
223065015860
199533994517
279033683931
169680699647
536255569589
80214268427
330986317817
359137865679
411283172946
29328946398
72369123563
225360070087
212061889802
483046716659
197765982792
184896895900
85710629978
275606480595
507234259937
265870906981
165051941265
402362257558
245511783925
207913692563
15754540690
426641730966
343934591198
516678074233
352087016727
273708495464
404310912668
193159366420
366404913071
198841401620
228354892058
237099249336
434327299936
434111306379
369846680474
331743964203
252028077172
194905256569
319749095291
293563304038
318438608335
42622616197
191205598715
412203124845
265639985865
536362410252
40244126228
490028834937
209367260866
460928240574
365610421214
287210418882
331534286906
299071160832
492453238613
219003024302
455740008828
41009303026
543457775653
214019535784
44312546624
513958293635
119270073866
509760690292
544798924687
325872084070
87424434965
113321680966
357747898631
427722152689
376164108443
138116447
125272735986
164064867091
439461765342
367052192919
169488450587
472469609625
113813226736
123621366874
432852850066
65844688754
37681088244
125536601799
272300684545
394735395495
79093364473
462562635485
38068314691
88373489116
82177971622
111725328263
15300532781
168058415998
270638129664
407371891797
535400878511
398472254571
221818725758
4254246249
109453316196
139832078569
371657583739
338591612573
492451352102
111574020027
88271796506
170846316688
541328266777
181288054589
433487689921
353180701167
348440819377
151664057283
536236637541
436115549634
314557569593
464203392259
229398628179
133395596222
204894097097
201894157457
231311294712
22605772711
234067039163
518286893782
5775715355
533385280368
216960135694
462899307335
51764692207
333327810248
480977265466
465375051406
192232382728
406002627854
426961695950
447970341380
468233790655
236783555719
221513682587
126106110526
93975051413
152077430267
450281881805
162068732612
73745431022
388925903932
153864030732
282911709750
388503107680
278070568358
336749760687
65657733554
384640888936
425714388811
158189811064
81057488357
217166826952
389256024803
486689938177
247138923281
372868502043
5794242480
245258107056
516622795157
296514535206
120033997842
253420709756
330912255311
547917971806
162544303217
442014556767
310189920353
400977883361
44875743561
210644290483
275251053336
531055899382
315916464636
514894684086
16092361220
513572136974
327185409821
408044993899
165711985964
253140210790
491043719394
428002886654
173772751657
163939795744
150586028452
430738457309
290176532132
324795161198
337022691120
215703035153
264116542578
109566288354
346107623490
357769340434
165975293883
325879597452
421752606062
55221810692
526954172270
223815599579
232995986321
221838413488
376121200726
230969754649
398796123285
183532522433
283287556258
7781351884
108231451631
30870386433
528127552737
467385823628
287003295934
71460284299
459078672500
474458181187
252458074436
223690609898
346211411826
127620204176
498866776992
387180227982
276075205893
511638757412
531940283042
333059678457
242162630822
334737437947
75811911811
484540678593
151496311270
259798716636
522074522905
217633087823
399069818266
235305920082
1988876067
239506141497
544205331191
288047901965
89379275323
273917233869
385755793076
104550927005
302882322872
36781524975
122265671361
318520470345
10035090713
198755287483
143686974898
33777835069
96176106307
187561722759
109221066960
221878946076
85054034841
230808017606
258117606601
91641752808
516146864823
14868530016
477223621857
387160779004
109124873546
100436819889
123745624838
469026287842
362491773002
172698857290
4351295068
286112355813
424797353013
67514480144
407933315397
84513301539
270865290224
194214745046
406233515068
46872507658
188597009992
329683937246
427031181596
239236032479
169689690577
481582008860
547462514415
370950325002
176229402000
305747447875
120885624665
416762622377
468130598275
523340237559
262122676585
225479390748
181937972380
273123250840
450073528710
289364153535
282515475677
356682107778
469394683546
304782169504
520733330153
429330424444
238072989022
203037629568
231776585842
369846887492
327491889160
544060996126
170750368604
428997009580
71243393652
289938938587
190301035540
438706751626
69915538293
453641672793
252200766986
362448514154
338042663394
164242525249
493793729937
369767041097
181440014763
482749726848
442243085938
534479568019
503757315822
178491852055
305426386062
355045344510
70486234323
302438800381
478827059460
238123758956
77637281114
432708860550
15155835418
415973829353
14672196238
246086259838
427099743790
107052101559
283904984087
226420940416
46461331767
418343851717
257832235551
55867269936
370403553145
405876963030
503864686284
247895633239
318623716258
524502918567
440659328441
226724429986
213410224099
94924856488
461372022093
175851713121
459156662211
223711957321
549101997430
220639302541
59879562257
422186899909
386883739877
195045723711
92844541373
74039994599
225533339766
118443709317
221789266818
360207548639
280762137929
477732592429
465835246519
450352193268
345675043622
200258802137
64918732281
227442791127
267856334880
523885495702
29360302391
190813204222
353833585912
22138096499
270564667098
20094078184
412923784777
127572576557
172641595891
504576120624
342331732451
331190642025
414724329747
441273177123
539062660834
334478521555
507027517760
140112326093
262979403908
231694975035
332235321072
323884528886
197820667908
181048734663
208776323072
161670499704
206386826528
442410539558
145800558810
390287763417
524847535678
294181366759
114649450673
404161206577
450462024017
352268307966
321373549498
362434131092
451690922508
519604624827
108737971177
548842561616
80503634595
541367938754
490285256088
232922274520
82734830155
242196185062
311205601250
161246213137
85838680603
35214673942
444945396677
82865418734
167760462635
404010114020
393943097190
519136740048
114002245420
31201256628
18677726209
374337723876
396957177154
451257150033
80432340933
217898981847
350812118516
443219159631
445993478908
6846385715
136887295680
174417010349
70422450548
467946540630
105527149707
123209790226
388611117921
432959547520
126640700276
504802297197
74472483250
184284060612
7451985965
196135228067
212293798186
142792262942
213263194357
503544280015
515845284733
142630221695
534522804809
292045904752
229446273088
178654388358
356381862860
140438310217
97553063964
328963101928
431715518024
32651873603
209948972869
439633632144
541788073028
401076593230
322350439661
30432114317
389182373595
501137618427
338136268531
364601321279
463395956657
207773407641
83192122613
314241507673
95778270261
400334644077
379367455153
438899767281
104605716674
4411065268
362342216505
58450473461
514419613088
211121680157
92154822600
108002239180
425311950595
28233537400
210093724798
402908405710
336026059286
112908984904
174543395539
85655116983
452361638795
384877431989
255844866046
249694378165
319666595943
299611422393
280695880429
544109015783
38152405922
14747429611
548625733103
507885284575
414212152058
72790437827
438674888469
419165815224
26733595668
448380244165
377950891064
345772571145
303668116510
497335704288
262416862165
468882053431
94785319311
243698735503
7029335148
119317687596
451684157410
323526976622
238037221683
541980503080
394879463365
52377543412
326401818065
406004916174
93258453625
208126871397
55837780907
256702451356
240542045690
452172714265
468681266454
130151653858
127143075048
376109548250
951116364
370863923514
173541697517
14481486414
326427322735
350750839714
45108634525
116930541837
167078132902
75147836786
212379378680
155267766740
388159041932
142190305361
115917595189
236444954386
90623796896
102086592520
157808781501
19888386435
148307629705
540198146699
402354147290
12208610612
149862618534
386727299522
272263165885
414568625899
271816538425
307699982559
391523190469
44043694351
375800111795
525694444511
472141065539
427247447880
28933239842
544174288542
438292591829
263171301830
508410300441
142058277173
114741754234
372454877947
313630987099
60145978671
8393976347
326127718808
457884154248
193243761027
379316865930
428565890437
282267892678
526773839259
170820533564
32376417653
342485668974
316212222252
307711351185
356261067438
372070964962
495032369548
241836171876
222487847137
351328566338
121959355880
517956158152
96664065073
250171564478
389751744392
169508307525
98576845345
324972113488
422188707160
316920712996
429048327284
436312908002
47472847434
423548625073
467766533130
353710322268
269938451415
242226500699
163445397680
301896774618
247757865038
352916080770
230306773837
151735555356
340702574921
419529297656
37951816250
262599340072
343092909063
235650076554
503840157964
392677259968
303505069261
408864173051
314415451429
409722528831
125554412804
528179582475
305007854259
149703520620
386377150493
524367852597
501794457459
101249358055
438955613122
10692846748
359383516589
216999715063
185304770867
373591395935
231679037789
471268279853
103359475326
253358531910
58199287516
8988239076
501080278373
462503913136
33327056290
472410758274
286802899063
240122082350
214764349275
28672617039
404019400518
525778512483
207493690862
528876056915
545738867781
450568146557
464593033893
261618810293
444366609222
446877529401
89971279930
175796988654
385055664529
84361853580
411532751074
458021294939
80553795913
518291427825
517034407682
393861945386
453071215692
144218029258
58743661838
451410846217
333688023356
521549327927
11131382787
70038311163
156655132723
285249114268
415729280328
463807945833
279028650671
48698104818
43954931789
345752607482
58369155476
28750138287
531695159247
548468194944
161952613470
246876827273
387219877146
179208900115
45146948533
539019275817
74442964851
357041032254
505177412959
354480428924
19502213312
309805260254
89201147161
468861763505
341103216278
487250940535
349002992526
347483170531
9581009583
60578889201
196209085150
451266232485
366387800963
314375873282
441534677003
267803940156
501950705763
5529314285
150681749380
471540810351
317438247832
290267515412
149987052636
368944224972
111223669052
72179857861
490701406061
79093589909
56470030174
55233857129
229740706213
160145064928
281941850470
115479662699
540495049533
323585628069
340560817489
144403919912
364132456448
416689064637
325114377265
511636581120
106649252833
122037797624
58389012568
265384277840
390723556885
52051493198
99421414246
317964989176
103837658163
531104130816
224473745806
331143368409
481844839754
283012317602
469874758416
362240336885
396559071588
380129323720
11566137291
133485798422
53774216193
180652939708
300488818874
257173888890
419068588637
172834559082
426576120666
474734174645
319730118118
400778564491
35717747611
546168604227
392059819061
326941813363
354917988891
14444242523
485922596334
425393630311
258760067301
70359702606
301041651094
37635690626
442367187483
522474405573
276682391935
26766837911
79665480555
375691441178
273658832209
355207194734
189713066434
66974819506
362063986501
326292831130
173269155487
288001869516
254806604033
389478401358
244902952543
64900757785
292575929375
540266415492
306198477904
527617587849
434155120133
99052540578
339698336286
396966916036
152582207271
342975179744
83622483764
379723237371
195042698131
394178476806
126042352590
112490188089
429676030847
295926909525
79677946652
124024501245
216374740839
248815436925
175848851090
309323660063
389147972142
323524351082
121362403284
309382298145
358348994534
74181848415
393852952257
158624084866
445211472297
465587411699
503419152150
317499415177
224442031252
171750781701
39252716903
19862298503
431639736552
43454851674
85206484136
472811452552
178542447495
480617289383
75973232574
188248983778
104269238834
229622109050
32810991153
307219024899
250591454268
158524103131
239660776939
265794302652
137742132496
149120072500
36722375878
139898635729
28886404961
37986911605
11141210308
393303126317
432256962359
189452603883
313840356186
68658981761
395534443382
89289420972
276904082205
503428351841
492485680126
136058662828
209449030039
252591109005
498020399994
344007101057
381197450417
462739378756
183442550508
472954893809
502790401916
107283314741
190903853160
109639206323
307280090898
62162642449
412428572652
323125726219
136940496400
469174988203
478296325595
112499137362
430472319657
229575975755
36824354956
364914029758
143711142380
204851597892
430172723694
156628277569
417350433045
418913568665
450649947029
441666339763
204995889026
392415747716
168980545956
2037300294
179817032924
502153166102
493107681119
304526529694
49055055030
464122201178
157882184106
450600395097
394723060982
503394726881
470143930389
377348347984
384738359224
541637690084
501605271023
322265262103
474713754993
187083595864
537990127397
414611087316
177604083031
492714139409
381279904567
518211622990
364527503729
145718549557
162856281627
413467702876
114095956471
146103942132
348594054307
215818374572
545624733586
369650814944
367083733616
493499420804
393313696402
251753295105
237397213882
157123620216
177742046748
200879923272
276650913841
345198771807
161250275275
420369679406
122000448162
367649538533
115924878573
418108173698
314170003689
241213982649
545899384279
416704300152
409853849771
295373091459
464719858540
412538656396
181587831240
85570211849
98452973471
225854423809
258728636887
500182568153
53285805652
16414265738
262842625338
179977664506
280960347894
451946540687
413305586891
117413832230
284332842927
140721223701
306030380118
492419129965
140382824903
536128849088
18762807172
62755369702
237333954265
337722963192
134388151303
340524929639
383201748606
100507856076
222205092533
182851752497
210303782415
521780094879
295580951261
281616205198
172138298446
89024600835
190515503987
385740582348
545515151451
433016589317
529968955051
26129521444
99435051834
430692028862
516893062533
285993506166
148685033312
13120897610
376571705850
166989060332
193313454842
184996578459
421246845690
123963069017
159569674722
368744021261
125079414376
325991173015
342744900945
240754882220
352194005996
373641634762
317540461355
389892423910
268767620881
425706897504
403816509863
172489855108
545830936065
230452820642
462601497554
459413900752
52185435587
200825022633
81049316000
79551354732
248692923730
163551544825
138756503177
314429297770
46266279510
405294993637
129245682445
435450783630
412917084328
515424260881
114123644796
97793502345
132927040288
467278870528
357364577777
128575937
254439993027
111486855394
254368367713
261618726584
122016648682
3604963761
215092729584
151905025630
158016717073
284605671511
302846468282
365629194753
181936389352
62790370795
81025758972
5899655877
105437957114
528358880235
433943450011
102253287792
211284070922
525783857607
501521287292
110377282645
524227115848
296544688151
339096028117
266904514780
309889525878
44890434230
245239147850
3294229063
482069139206
425104332880
48281897633
208536617081
120462842614
151121677900
341846295705
178374117838
532400578131
155998812829
542490903087
484175522749
23712086571
393426301461
231345029616
250846222609
164716386870
547533561593
355872610920
73518221931
483002493478
34230347034
420152836663
499193428213
470786999285
442131557888
221992200287
416196319656
8027332155
246465398939
509705712605
446903385165
237653443088
278471766777
421411054732
400322021591
333682125526
139010582736
343597424124
87178827462
356029132362
277701295781
274150493032
192167387836
7512331483
209594610800
333533078525
61675375293
194720948034
15184880089
536406713997
5759965196
222477016143
175838090198
299326321444
312511855713
502902618351
261090185378
381060549330
233373459416
22835774670
88604870008
137158109173
62371605328
143054305823
350296735883
49185453355
10983571691
287412222775
452564455199
166364828579
187292853851
279851184313
497593669457
74300574251
8146755897
360122767833
86491126518
64818108770
526128279835
220842981986
320528900058
287322064455
507432733136
139665541412
75537753182
499170129706
149940499104
212436232267
294903574457
385461327758
395126296375
547649698802
116512176641
229270752098
37699146451
500690995171
409403604200
424761136769
116332182030
152416687936
293220784552
209442397690
143624312624
437044801871
47624539896
496855699489
423891032346
97582052388
322016294702
509014751307
114694313481
27342196292
46489895198
365568400226
290754604769
495615902376
328131711774
47188429884
158447469888
210214451885
125829781760
347128985210
96331700552
106775214996
173165127119
473777249074
288086409195
172380561886
385185481084
340015648241
280848207689
538976636030
253539834189
133504841519
461447022779
216032617554
62999177843
345026725951
269614470688
205834158649
526312230445
520207396580
277747598920
148096005342
6289979817
61040389565
526896229225
319347284070
371179193295
10937191279
175698030726
137468774281
143110005905
81372463793
143096933186
331196505941
134711332390
166815998163
521310751574
32703506176
413689746523
441108735126
505667669409
89219969841
60468367153
332225952148
547252874216
228076615085
461302983417
197859809919
481647563266
45112084034
11770159661
507451809979
407341712904
336462453580
473704662238
19086768385
237280186168
391406644780
495265368341
388768520720
353513560171
25482490182
337887919665
245024696338
58484082259
540567753269
235830304564
4172227215
149200290541
408284572517
190208817507
108346170238
59299431683
129796485543
203440976492
545788556100
57605607902
325532784710
75972881284
367843865140
474146726495
174662616377
29142576466
167825060532
370033584325
90037099746
144584202351
504022174137
159885293941
131340833971
384348556832
242845305708
405714346242
300647518219
238305813771
305919860443
43117122956
461388474621
339945428408
13591572172
90667750639
443316570300
133644597478
285658526577
44741161111
78345490838
474879136829
201682013576
209022970888
286543702947
165869060973
198527535522
345215383379
249866325503
466566962166
60787839969
172445865412
337502080017
456435230671
513942385924
91432893300
362355439957
232607819288
227526999635
306223930651
199670257268
335706822199
65201136716
417317113526
511637739478
239794135379
502605849701
153534738222
230673959613
265859056669
33836766089
534726806686
273757461535
322838578159
331086382340
245956836874
443180702057
375011315628
300347679306
144188444269
297107004227
462092782883
401020322793
89371289171
529985446582
233310334875
470176970040
287153126043
80615569614
43653051713
436912770789
386256206077
199893745520
319618153040
343872565722
34445657222
311276093633
383865418054
166463678636
374795908360
328529893808
236611863792
16490528168
182964278967
431634565332
184887959332
59257324079
6916803024
102954186692
371216076643
406303296224
122764589293
422353621156
526343826660
97243843274
517688912206
274749265078
539211554852
198812625184
23495863754
410310158424
105883112035
500929997380
519726528830
383483123147
536549484616
244151314792
30161976105
209040476121
229769715593
44361166218
531152712070
290717386678
296287731389
174089642298
153256283707
205251156055
462661435804
525215624636
97146097760
471838088945
310434685053
216851010947
512627187926
337661615434
471993065380
168535157115
263152466200
424147326151
48749711451
520858906835
394338381787
471558672706
12881089671
536824035596
93933892470
214399934395
404653214285
107311689038
535695884745
443550210102
537366624535
145800971037
139040541995
243597566697
53915618123
254716643934
34907727943
470083843727
462529198026
489082100632
238183215854
436826227025
172855648519
413618491000
132219919728
125643027663
332300245762
42252693433
261144310946
288271720794
96677513575
257125818902
313378232855
344487664443
322414734450
373830304514
9307019047
405371726248
183195685653
27802986172
49974746134
344713305077
409130135061
442160419793
355319984676
151947701554
504174376734
427973655337
461032369815
359728023160
297411926031
55031160343
124937003011
73101626112
128375132813
518402032908
16884320623
289370974205
293103019058
340661507813
205084003992
275745080010
4815610881
335970508397
371698226066
69796717957
115065203733
312432292570
48134998469
13851939555
346060895011
338171937045
360561249457
231450671951
190863027248
239861675183
331890671776
446573275798
407231997665
233644565879
196859894024
234889285559
255569813252
263936625089
409192748368
224785080623
358434677005
220752833873
339106524749
263512267712
478945483724
491063215784
513808710493
530272721551
311203857357
106107929320
313506070573
354134370040
448781454959
482899418317
79300054956
499201282778
128482302871
34074787852
153278803771
389203185317
266360492287
201747814711
311602485473
422061128468
209841297205
543626236920
531788435498
274572102392
298673452568
157311617443
471259218293
297245539242
139684142177
212629676772
393110369153
429827842731
370317780378
285061640332
221536272667
308953670912
361181894837
493469097051
367729014863
190930842224
351757395899
545987030525
95668641766
245438783677
355800568152
116159871748
27261046288
477721958016
210599552091
299331825326
23852415386
502248544531
166122053321
155487383088
245635561488
339692653532
370208347934
473409900372
212551856754
191586013963
408635342431
277289280066
209721330875
98604076309
496951475803
120090152340
440666545821
79005179673
458623666971
319746596757
464575869645
261146164767
273427057684
150984368437
199022439153
173113473322
88951969539
130873781220
133391631022
68495796796
339173429382
28902964522
363047348642
418142330971
144376274058
233794777224
489190757660
539600195316
412029182737
437884512321
9656858169
345663591237
189508129247
14220748281
395478082216
260113067384
424997621821
194020732619
529934738838
281652782851
336001143028
176895221063
82432107954
506593556794
89501431789
218690518829
49495434170
378773987437
426598171504
231600162157
409132665897
274965085312
272882813179
529215884309
479957077211
137447109076
483707268268
203109599165
394333818512
32834032732
304055139745
231598513626
303075939112
269744275440
79816052169
198979673494
129431778366
181773735950
469779924767
376933347036
189313645208
51558252645
330036495147
365048296925
119007562262
382205606454
206652299901
525833316799
88925798306
159683961108
354571842004
30057553267
68326643288
379502396351
54195528586
234401935280
428361162290
452111937618
473702098968
161807609154
397581542043
432968978400
467256577650
491319342324
125296986283
336393834781
277442909341
111086526393
149461438619
188984000676
512594029584
237576185332
166856661461
274808546464
480493242379
441398232808
149542856186
364056289792
503820398615
320486406803
159229565756
502117410827
209030033507
305677342464
265005120632
232480409172
146684237161
350250418114
8486201672
98145681600
505776023729
440817308828
512087140479
533279967013
184047888117
443947831258
43407919131
501810086830
259427505472
412510644911
131021525792
40927143015
464596564656
389314069658
351042303638
5225903147
356429540542
20522967078
482210087885
174190522092
413095943345
254511202443
291035690738
297978061069
69154480542
544203069081
491487223244
194495537433
336383107376
180881287415
469822698608
351952402437
341256869151
372921191660
36327575635
133737733064
53154675241
50636470554
255508631926
352423286397
138957733894
149428189164
513147786720
281291950485
175049518683
353021786641
19347920256
196551618475
283196074790
453817508789
350716022844
135502964866
24885486796
206951238363
268095667596
18616596551
459587610111
547467874516
132298149344
65177529405
157598140236
125408740776
469441713844
247335775229
256994109504
139489358456
244126759363
481089983075
542864680729
359683065203
394101163384
509615669461
342352631460
494289220583
324309204814
82070574910
268084638764
63278046325
244661686219
496671193638
330453860747
125969450656
471355386580
63625638969
297629274889
195736052156
519869659777
13822588162
13028847574
48831203125
391742596026
500269804354
136458939216
42445675244
423319512104
365698101169
408221915051
218692230805
213194437573
470798401352
410189307221
541136379148
59885129739
538545988793
100753503561
95253122808
89294381228
52106480631
177098311732
461229913258
348236612223
528362912063
376673982944
473029814791
121911811721
106233893812
460988347492
175794755247
528922072631
516571321610
277233652057
226942919197
95042665203
465535340692
127946904674
502104540030
282181792796
171125939876
468780524740
275288387838
462749635192
128061247551
461445085403
295291327643
378956051135
190526465118
489182909821
522222361470
250203928959
238837585077
413552632420
151667284865
34898343308
308217364767
402572650301
87573587448
89143730802
278258744900
420020318373
349803599802
180513780892
525207505270
93552555267
197230889929
274150869773
197470443005
495128319821
175137620877
439932775501
449706625445
237215443372
100661674986
473723536645
276157975554
168781675044
164229335886
218945175784
104556890163
239884521487
479576221406
409755351569
147108941261
440141962432
157954222319
410716927089
102322327912
133186766569
7128755089
240956677673
40695178904
430440573161
470231734197
268185402870
445985444541
512747275486
391245576679
349982108733
129598611711
164433408744
442524384623
67694157362
421629612552
543773556222
68023692142
162435009463
231662259578
54475615857
450795619762
195674988443
512291006390
263300076568
250445081489
10417666040
91957115583
474479190942
221843361020
118854768457
180018396811
524065771802
377524521924
250949851901
359634747764
481438328997
268688204897
411902559984
75673377589
251223478944
268744160
67892713606
96655081474
410055540082
325776683403
363154988213
465606795998
499547955035
195815020571
319711129244
12313150990
326018085925
125836404295
492525344694
285298652225
362228639089
531113754719
250458087056
510376346816
310061157007
221510272367
15376149246
181664303177
520864782378
101568484620
492867342219
181560063403
33063148328
110075397989
309081679900
369806639983
40773700408
320122114926
73616866642
217389814474
167763718973
49426781115
228681677929
240986264033
273012021455
111935950373
94488979046
68725122543
86707184411
230763001049
395464599821
87985780858
128699039375
162135134482
178256669533
365143923757
82597291566
527034162820
2057070735
423748267182
517767599542
196968430428
35398822946
459246080653
433348500907
6969506968
150397705530
125242414711
179673348411
345113308002
344434385199
319417107670
530238353809
141834492338
17356045354
22862079724
275556089324
486777219930
235510542360
94287912547
323572358542
486442554843
531773376000
143742588236
210121401465
333358859233
396857056740
411742854482
299567369323
90872151204
63349887346
380153994097
112711376707
316361069306
480386370223
240484093355
218673650343
71318605254
30057785865
340507487279
56891346076
356556310029
482095143828
203754886226
341381218200
171717145083
50856083717
305432617450
84727848654
491289297205
44050945268
263627619698
386421926063
153941271711
340843534260
88221868260
495873273907
63193840457
256513240207
505270370366
28346812902
437641896596
267774582323
521271730589
239531547577
308331848598
331467767896
9988354702
151013033107
296350061397
217161618931
331950230760
427595935184
343865473749
52900750961
535097044060
347828343550
439905174288
301899640445
33866901011
303768378469
6423604264
393926044660
517057070661
327365706935
223447384123
130242493439
233012423179
520377110630
419812920782
522960952589
322296559096
248573992473
514848079540
525406938395
491116870130
298613052385
543206215024
414769283783
112232960128
206724675439
46495135473
220548562477
7959822765
377553896861
391285949145
382347224265
334693874635
157482687532
309144753059
111028520400
362458789157
274186469392
201539455882
340841281218
385944841025
62592802280
407150437016
159511899486
251981537122
185083247520
509295068224
458725321688
541121769841
411318788612
422553506209
25229076923
163994233291
478176611331
225366351806
286905001700
155954395090
397191278373
445985313313
20165223554
170183869654
289404327818
128784608931
480788435829
150495893524
540326370261
97461832610
194051769992
27975596840
51967901255
264777085802
172506954328
162015416298
90253531903
360843496300
19667832564
398925428986
189094354218
74545157025
334854205862
439614467680
33653683752
429616769040
211848088175
397883062668
336291865774
273898041251
352870641541
434704015818
12076476360
451561271085
510788583124
424985686598
481696462446
500650993613
233052645461
359948247706
305953398209
20774664480
50335259209
460242015027
366352056162
66376337457
203350939820
386043929506
138519658934
486837494110
104611480717
155054365100
377887224791
288342247200
212130797548
102972274152
115211237906
149887538127
79590813345
333490057309
274883373358
498289683269
133567464755
176186943512
481117174802
194993130641
96833775095
294608177644
118890912025
141496654692
203714977208
415203301303
75800220757
518712557261
137990126560
131603307316
545995365789
400155861672
350911056360
108539152904
477588170853
256651558073
150092138336
400416875748
346239070873
225640966714
206606724240
306801026512
57103687429
539483378537
121184604313
220176518380
60656703592
79226096160
330763729729
347756125996
276787486690
130185957087
25756570255
280498873901
232447663476
49926376430
167906403628
486627045241
128452892996
73986519222
460475744006
292962969913
253739118356
359001228370
478235958617
400702059589
525395485594
384164110159
508098959119
282412735025
399685169254
425229244670
441414901896
19559439466
208135024236
322150423621
413483915006
4496107178
402269840185
259076238197
298484441067
4205059063
311298288285
382932270748
181266814856
58317568195
193442190088
393764131060
155464649328
158879174860
264271744458
118178523770
181194119738
329177841910
511177904453
94525915749
155829742902
537459400368
62173217483
414644996982
187998563865
311870230046
460144698893
18359046948
194498424856
337396287282
415825217263
174017974394
425064604211
369370515647
522299129051
11201166522
213612898546
307920954469
85125568773
341419362069
23028804016
199998103193
315782687689
490772426819
196785836781
67362879411
412035524002
5379316512
399286295278
476468678001
242931902127
103531114976
21560386249
413156540895
386595940712
81867589746
14624634331
193142607067
170271618587
462593068704
417048561499
526983587029
41975489942
393159391816
372629839812
446387949570
269687613574
356995690568
181148269746
123053549323
211930421688
93763204083
34495633950
207178921152
284739145603
243302448645
287340973884
287730826789
539452590493
408216673373
534672803652
316488659251
499562625634
175572120418
133266640247
166348504269
51784163594
162751108998
386943532045
306636703147
451343190491
172280303459
30068078677
317082168250
61537884383
143499763919
225144632178
252540119038
131066485555
506701373110
267206131081
149104667776
350542851885
157252889940
351775278688
318933575679
531891534711
490911261167
152087111095
358466359271
527050598947
248401638523
297559964045
176821498064
366586652508
475891485173
182936842892
8253550471
455956912459
31063955187
427333347698
206977547205
381338202042
326150669991
148924045351
348938703954
112172027428
517568999979
322619342491
6375992862
134182595386
490642401546
446729457481
266620539025
206192697061
519511590137
423457097888
133818215550
431773483736
265455528617
403654986316
464660148629
159574871684
498357887207
472477814416
189634523031
202119983339
170923585073
490865794100
59453820958
228910612706
533443010124
51213457374
434072651260
282066405661
116855261873
295052488017
95374848504
514199027252
329370885773
414926733721
170531696028
303712865104
433088428878
153431306174
518588090703
513014663212
275097781943
322922415873
405047666198
396200286014
64690430515
226163529633
62104916919
539724756944
409585375719
375297581888
269552353682
151019519091
60130069307
418744188379
334368414514
302323342507
28386319064
397044495809
78279219801
476501936444
204916876310
383495842379
466048193910
26963607389
70450874103
281645444935
135372556323
18076871238
432308219688
210223018089
174617456102
61015031560
25106158322
344485388050
266596569565
271523414979
79422643696
512486414138
33074493649
208420704491
150453335926
75540190330
236502573835
515855391362
101865765524
309455833972
514863347589
227944721012
290618762784
506228322721
44478005238
149002968104
320773934091
525833298655
333784632918
62418503997
417945888469
484766181895
155550521012
431680404925
69835682360
326548380841
530857134771
188369749049
255418156700
201012344038
224983296081
532897896732
242981948553
142336555814
461345388311
514814570139
331348653275
538129640294
341525144937
262261427748
85917579530
163999485031
486117317561
32460393725
353404781496
55646443127
427598538420
36909767833
130374977035
400675707990
121826529645
395455075409
439361544422
2248898634
431535739399
373728411034
194151620563
388133580321
136813632969
164542388457
8392049207
79543768645
382622863026
473423920812
64037409698
299863855293
147060082906
315260149487
383622734881
102586079791
109121034651
209202143734
327837847999
44991952755
371909002828
80284815850
286183797299
