8979878955128
2228205853970
2083715325765
2699471526463
9735961171853
8877141392462
993415420982
9143661147201
20907242276741
9628531574533
16711632686218
16463438542772
15716341099163
2115206940058
8397399744985
5877024634731
14696694852920
14369594379529
17489386315906
5765614477553
17410237393043
16269349565345
15287525705806
1079635863162
2239535337336
12633192569164
11140542287142
12145279411540
13426190479240
1526518204716
3801800099150
14988404767896
4224331953501
233511456238
6061459546529
11983278362687
1680738578573
4638305145866
4267834695867
7734667225242
19492559483140
8172381294032
15045793343196
825057303853
16449395331246
5831976573193
5608437775578
9076907262251
14651030098622
13246808917259
9446026834960
13353788512669
11980515238419
17487157365459
2118152089267
17561291444512
9353326524815
6775829864902
11237918755219
208579029063
12461626132263
857440720620
12937454619736
1917269254035
18772701806260
18198448246919
13559481826125
9368589330644
7905066654073
3683003053537
12433771028526
19025074126488
2259345335266
15793574004072
1811557495322
19856149898047
13342852026686
19380724888441
10801770495416
6509238444234
20071258248228
13987773068106
5932297311342
11632031905445
7745756288410
2735929511775
1714441794615
17067886883412
11087428470723
20156333091118
16560901992842
10037518769192
3009113406120
10812449734126
10784786808389
3058092004537
13423922074854
7149047509799
11525377361492
13315848828512
12947015522762
7704008519432
1303774791811
18412203784710
3993240095678
15687064630687
20635096503151
15951871560493
9724873789542
14972908166384
2949673066311
2816714652780
17365011128954
14793174548085
2195653535949
1498492525108
8587799055131
18344572038153
13143157190307
246268304265
13782230860366
2056414665566
7121572266683
3863645768652
14751865659341
21012103093113
8325380390087
1955882764110
6292161795706
8784095735659
20288654094415
7364799777258
4351334020079
16743964431312
5415987750189
1953486761432
18762367686222
3625134842937
3215867871009
9470938617247
10080128818660
14931394053129
11261521663578
3000132891509
8133075932059
3187772137397
18977113211833
4946514711115
10010771466211
3537840255863
2951015216351
1475914114261
5658587266635
18112069106753
284813099136
5401653857801
9494921160973
18874110448326
3878249157133
8944637608590
13716564269016
4343788278325
20378572896041
18674015041307
13551617844819
1455306331966
3598027041987
2101968761852
3162899119191
15592259666239
16952654346301
13445283695186
7506322749966
12168532298577
16883519999681
4002800510656
12967147504411
19664526632796
910444345392
19277964261689
13912839920269
6938059157399
15212525194309
16921098934887
2815039001009
5925782952679
2581680713260
3951112999174
11850885494603
14245668723964
3003094438943
8580665977787
17137057791665
7747519346886
16276576185287
10241816339410
17954166511599
9052241258346
3408706348277
5919560115859
20577064956538
13227189554272
19275648667360
20194992592885
4699341490420
6215550055458
261998086843
2859170754196
3631714185157
17520295944264
5475849047671
13990979079923
14885199514737
4161437909026
5542008252973
5852148231740
6178743399956
20838504384943
5516332663604
7310289802754
5877407307716
13871937546017
7024724892330
9536847397221
1453814026971
17932044535266
16996666455923
12035517661431
7860094613748
19414934747538
19143959446217
4264440869022
14794477759833
10065436668250
5715574646001
16912155095776
19485256604623
19983872498934
18395616211450
19698890628040
7711264572182
9293199111535
20710256598821
13799499376479
3847590929415
2530659648809
8287845991936
15464463693267
6745096361838
17254067205189
14861487815503
3047008929946
9137520257809
3821894490781
20558738433124
14398992382269
6676243126508
860933038554
3115857943464
13075502752699
11887277155710
5933691876389
11557497838481
13407651110997
16477540204823
19229367496324
15379043140722
5414744373920
7531405896459
17788701657193
1383118381817
20056718269323
5088060079590
2903706917273
5728910930126
4560874446069
16815869729616
7757546409719
5761875924905
2010169434940
9790553052778
21034020768010
11706900568192
15960270044887
2104718812470
3092443459148
1413061632918
10230573755708
7541397499261
17994061022685
14200805504239
9026917621533
11558534572172
7307968059265
19184027011697
7082758922211
386549009735
4265279011935
9488686225845
18441878440494
2713029657667
12198605643639
17880811500560
18311297812848
14067480996382
2144757760216
4434508146236
19947453313216
4900009486531
2304322315311
11589110255189
3815584399146
8266580723514
4639356659642
15485395322748
16827211923234
20974807628454
1371536423686
971600214788
16615474259324
20134821612873
5119186139046
18588721494492
4018846671569
12360156564619
11801602661599
20486246045575
14111619489281
18047323655501
20561572553507
14569291077351
8519944518298
20456420607468
15316664045124
5075462985162
17816280476402
9882652519994
14748177370872
5566031221950
6218923199431
9134144793135
12249838265229
16068882839798
17619378590873
2809104781116
9489065952025
14100400414168
15580628439356
5112184172941
4495825870576
4661370267153
19249001437216
356646540006
12486685001534
16586423852118
4161658451000
10062419354305
15745063709170
11785574265684
17114223826863
18944145979165
379757418624
18533862573955
15924899372211
9579143803909
8796251857905
8632360333984
13243605494561
4178777946670
18712998579087
12972666123764
403501405262
14268188152081
12902546564456
2071670919349
3417979311181
11656424341829
18394165466928
9695298090113
4994520758457
15620072635630
20719324334762
1943668790336
14699041540341
2198105785659
5397265522512
593866530394
19887255158280
2458005288884
17612842981315
1406063113418
15221411161308
2819446156924
5366579364364
16141316707939
6193815298000
14735671336027
7894951548159
1237846092049
6275813262643
845018129146
9660570650319
18846274110049
18250170750383
19477398755722
20510898619472
18758197001150
20231699571747
4292434513833
6974449988792
3948988969537
20648072765485
17330758204310
8425580481044
2058269686535
11029943945079
9741019981972
246551473740
8471456872740
1748589734631
12471194254291
2990008572406
3432369938368
10990210352460
15425474171811
16305275811788
72059283594
2635497057431
10305059214274
1275472892203
6501506575614
16752485153085
16430873970359
13726331220037
15145443127758
20754758815054
11392324441617
4298314536278
2951324328080
13066883386313
12703329212995
900181709584
6703077769460
17522631795899
7862655657294
801832017684
18381708713311
15637763666577
5214090291324
7784852235775
13742575901727
2030995949059
5063552035778
8665807831031
2476532673113
12701774959353
10947201686186
9677239461068
9806700626870
15428407082707
8372105070685
19978241564734
4313193457757
18211973642767
14771194102709
8619747472312
10979165785618
19910139542378
5158947220690
2251426911997
921730122434
15709894426448
9754733473848
12515394181505
1715757448452
721756285040
11862161624371
1220306813141
1220607188778
14190347800000
17545214784166
9887074950841
13429632783262
11721807548492
6022676888323
7116037755099
277615646916
19856744600671
5613219646521
3576727229987
11670713031041
2471729356090
5897340682374
807073297370
19883665744608
13338919111912
764462642557
13764607927247
10334404577828
7288228415982
15059438739460
18581090856856
13035529516287
7875536127691
1238164350320
15177867560352
19268686710912
6554848733235
1769446504185
16944740066934
14257597123637
16380890625118
16818894715711
656166373395
14364928029301
211409778140
1337762906340
17210075329564
9748320987912
13662337771716
493560831617
12449397507944
8585159497325
6533054301818
12255092360659
9815554577633
9908164122857
18598777852160
19718182924353
10022379887215
2714567116584
16949305899397
2097108092173
2552792220384
14871974188960
2678584670406
7476972692920
7774474660844
6041317253345
20915944310401
9666094459184
6601194357574
18460936198053
15170402246022
14024692368422
19931944819985
16207234535623
17235507140395
370562398209
984345186932
15453007534175
1549537251859
3817841064953
4966747304681
4928004649611
10521080536478
13738048140270
19963668430645
13569406001636
4221339956668
489008965122
10653215680946
16405926006499
2194872948962
14942557939687
5685129853646
11233136903847
1364229293852
13729523929313
5644851519688
6927556230166
7371368337336
17498259450666
6459095700462
20014031988601
9871071856614
2768488512594
9444369100978
13719315335910
4491271882134
6870451272935
16406175816918
4908866604622
12601410674331
14251462733714
20400467324490
12887427270848
10343584205623
6857070810361
9237195031937
16167063089444
18355999293339
20986764663752
18845853062073
5577481863072
7613750360013
5161764867098
8458554024824
19420585759942
2249686618507
5421650014439
321412969449
11673188206366
19886102062528
8126369245490
4910889504100
11771134491848
5933212185735
8146320580802
1223435144567
9580040664807
1493246327414
10977335436353
8269593186445
72870621763
11429829528244
2403681806814
8051667461052
8555715216514
20186332791433
13911994818999
2559862383781
2838155743199
2686821822518
9237587289832
14330885976708
16873768841068
14404774831950
12885470235368
1811231030680
20721420518349
4980859042011
13204191723667
1909301716304
4532217649934
15650732894810
3933713853508
12121287072612
20326131162293
9938466474284
14761515663284
6067474949071
9521121377916
9187653682017
1522559360519
18202859766542
17358822861699
5098551435160
2685355403755
13242227482093
13635942342557
5725473956740
20396211382088
17758182915573
3022250236765
2482489600131
16613389267596
13211525325729
5542591624686
16788972031707
411942174633
16765395447478
4194758431412
8513396440771
17506697216343
15325501180653
1649529191090
16460068224974
9007506545230
3691487149163
11619321286016
5164527471499
18432928956687
16780137210265
16015726685577
16020659858669
9912332294444
7222389542587
15351721020130
8525674904177
10049747860059
3446780923244
1929095494980
18144582597978
10180139807235
5299834575431
17988804400071
6114909186037
11972561896448
16896205855734
14736893393503
7968205711650
9845600453397
7727083295358
17523077610688
20769777276750
12183112886302
4783910649153
2614036499748
14460725964827
17159842560276
18532974342733
10107434452692
20730846011501
5650887786227
19718783524258
19804191817613
21014096843681
13730806831830
3677646173719
16638387613101
2960916477888
20047393334023
10000137398238
8779597122415
1045590668280
14570677738056
6903345221964
18104772853495
163033275776
10261104390926
14691055482417
8320938199967
5856666818771
6989886631445
6443611703781
19865383267556
5747170660553
16165441296173
11334607315215
73486224704
18759056215744
19878561955761
14226489325830
9436856831928
5119789585484
11294063305124
16073553502078
13407534728318
1384668607663
7443087222269
11463336762665
10315036070915
8966356482717
12110116387421
21003720630872
9437120850092
14923768494874
15147163185907
17870512720375
11784655526780
2971626868231
19455010518380
20123027776680
14036703443078
2040427932773
4284102631982
5495281696824
6307558583639
12792378582469
14249413098236
18159193156186
12472241307251
7131955863930
678980061933
15535706231429
12311347622302
5680903101630
13454934145833
11853018529735
16114384042097
14977380663963
275921934301
20804871853804
12613698967944
5575857713187
10336837088320
18926330534339
16726083478194
13244436959832
7728121682043
9178246157948
16898375559708
4786778403809
11163077912043
17316876465462
19356502320512
16795966383251
10783772832706
17268627508155
8171382409935
2591494772497
13962941923446
3841249210153
5267020833743
16373442043771
3086711860670
11067078553696
17430817266267
18585856312641
5316604253362
17261636464088
19558686262113
6422882055923
6576725578809
11723677645448
9112641060607
13829070357129
17332828349816
10890085432681
20919510154841
9931571007681
15382043822773
14448176583103
10722243464681
10041298314863
4564574834950
9661560339808
13897008540228
17633969018314
17805340543030
11941203844525
42917971858
11041263445073
10739058425809
3637788170999
12464986828015
4613955494951
1839257533399
3396923568938
12653999567449
16693456003595
12080959948665
7788444867932
4713937780202
12717470257080
15679712532631
15183313530658
11222803942451
15489412444684
10509554919483
14362557410749
4205386209908
10118823839578
15479077753687
7100814110217
8361647260137
9873751581572
3426393068408
18514455217635
2814747558406
20963068403735
14034972994943
4234911930342
1682819650733
18004224252558
10834481654998
11441417707084
6847132566559
17907856649934
10419593629883
11892679017582
20281983314709
18023295646890
4178357550628
17611436306588
10227432628244
151774354649
20071640231021
19954039911068
20162861890499
602785880303
5313728583329
8005383470846
13999841213787
15538110616221
19961637633230
4543936551324
18223550930869
17355135195722
15578421016408
9590697443704
16457315860598
1429288037829
11288564600803
13498994973331
3088232371903
9478521392907
12569758228586
5770536994292
20088948111450
9672112608030
1242482916917
3735042302551
14380057203731
1177158411268
19654658979239
19799800091503
2618878355724
11699121903005
8922555776314
11752401568545
18289724530565
8483022779755
668530726058
5010212909956
4411302099332
17135285955354
7529201980771
15598688258834
16193801309008
16998240668015
4393025685259
300197828850
6655631006462
20092435751127
8995233919357
13897953582511
10532005151064
8702449390522
16153564260793
19097737665366
19401616911416
2529180154272
1988689991830
7260093641228
3652392971375
13259152908250
5311183162607
14760304117794
2726054844017
8422567641031
17319299429027
3239797789994
4100795471188
1825551922861
17536797593547
16418798297216
9948424812747
16319768587163
10870973260277
7601113812053
10727751178287
7118444896062
8730517971284
14078823313381
4516419059841
11393792473022
17875693271878
13258194562303
18865523262533
9889042006949
1616509209128
5496248189856
7501696433947
3493697303387
19202256392611
2502602415356
7771889541967
6349385444068
10098039119661
8957535338352
20192207040159
13580610685102
11561490173127
4196377451908
17796304458736
19143921981256
10603674040377
19070176411509
1409743005537
15379183062489
18822863618056
6607880209562
7586738979073
11079086313400
17207311558443
3368147151385
8415411819177
3296319117666
15171675075572
9033032388549
14373998300232
19274333653097
7404541745088
11966866420885
12525470082341
704340999135
2953852542386
12346750024933
15678724805946
6095359671914
8372292068951
822505757585
9284307954081
11679226944907
6340409025666
12210504097215
2065138672300
463855261291
18004429280196
531164439522
613058217912
13821195264015
1449601213087
4239972334971
3918883161632
16128591051962
20736305208566
20127949802472
16482507900774
12749758840065
4226196482352
1930125349520
9015136706630
9085267723749
7689333213577
16706204839499
1889628065956
14969497045095
20679338076947
17509007550854
12041270762803
9518240713491
18049128026713
17740989558270
4610066363588
8401097917843
198707185286
18257157364971
382583399554
19609035871956
1401753019469
19085698689281
18802002481179
18626430848026
11204633921743
13091292563826
10005712554050
16415195667972
1180521283040
29993161215
19152878112571
16416670310921
5857780504212
8865685382364
19547562165587
4838602133792
10255797093325
19597405571407
11850722317287
16351200766664
6642595702418
13769302737199
5922384885273
16406505832778
9631915854323
13029774881627
8580721378506
10100712295238
9298571797371
9797972823304
1545035186617
9272477550144
15875458229757
19184041440794
9185147151855
616981191066
10951012583253
7137960568226
1726507350942
6509435185910
17001823999826
6174604621183
20865640564615
20769008547472
8523110553906
14725995133684
12612042492445
13301253810550
8100294004065
9762721954552
11528939576976
11544754399613
10560742065561
4471323566727
1622657635294
198101811399
4135115667108
4298627146439
18199870337289
8302569643554
2977984335831
3003351651981
18092727747021
13882591926330
13059016179639
6327630089534
20171748489332
16738678587742
10841904646281
17262184385789
14345966716334
3770121323569
6971344040034
9792500850208
13294569423590
8192946603327
9715489999336
3686752246201
20539060995759
17043956498454
4489025883078
16500633390699
14046245090847
3154309509954
19942732605434
9177451761689
2672140653668
5857726308763
2405855397514
5708049037577
3024020684037
14150026646895
10445677614373
11124778902223
1976224479641
5283476846827
6234439988229
679183354799
9195942983835
14315668762880
20649544700401
983989350589
18895567775539
20468434090771
7101653021411
17900827084857
18586202283318
10289098471474
10386160732403
9251553546895
20123668816718
7209286093564
4217463852834
20696762419439
18774243480929
12579276695335
10023580147428
5284611500233
558853982748
8477449717181
16155854049472
2173875536566
351852318283
1852812529079
2992043347996
19181893622495
11475877875200
13723959982783
13622413459877
6228075237646
2714537804897
8248587015215
13053968909678
16606833224674
13135569256447
11349598904182
2142701687935
1024025495739
898898463558
18449207250347
1135290705950
20444852379906
1937307687456
16208335519445
2625313636403
20628312763551
20658308540180
16549938428770
5189686917817
16017412940302
14802170785236
2066874480841
10723635975679
1224151572081
10628766262901
16031065875850
11328152230605
10012646222786
18332955502640
8527140357246
17605867840542
4431377828445
8598658067708
4303832012886
2396348143674
349682143904
19521529912516
17239210110926
19084088574171
18843686986023
12032420434366
13365750458028
498968450225
12508227433306
15211537237104
4577624904400
10844355451774
12719797826043
19867411795450
18129584940467
103315854327
6331562634493
5456693172263
6140769522265
7366751610954
19639216190892
7336488901073
2610439296891
16952330722305
11650819670173
15344890358444
7631113121286
4953185637083
7821588702825
10996826408861
13330857162790
1892588847633
2477097690708
12838886299232
20651274877938
16143294049720
14944446114733
18174790716746
20024018127044
17985461856460
10842502326015
6725641278213
10028676177570
18083066458986
14365263037922
3802913612772
13387627663677
4229204802503
5499814390610
4889629626890
13406738332757
2583516228415
7420343449573
7083847375766
714538230340
2233009664697
5781426689260
13931301014761
153258301547
12382078036434
6217405513996
3633192510709
5913812873293
7719119098189
2170946102718
6210235800978
7967002923184
5211689738230
14785961888688
5173616033853
10569419660228
15064321499808
8661056639424
16931301171954
10140670565299
7741762725633
524998396851
8595645794634
19771913637051
8435610245101
7334965265393
14070196301192
7096390377831
12162855091163
2094227647829
17784239045253
5986888170236
15378282085895
8010657956760
19705757008903
13338474495813
4489508263980
741829109999
14542183520571
20033902321620
17021629322118
5048710943522
17625336895103
10991487173269
11895554373181
11346358349192
870457174687
16496794635326
19520055421985
15858741430204
8076132941838
9153269274495
1800534933835
11277847183254
15132264992221
5992272257033
16592366207952
7783867168965
9742673878833
17216478499381
2116255448850
9395504780676
574567775084
3775202035929
19454876205369
8024199306640
1526998866040
5388268586703
6295308114464
18568140380027
14014941068956
18190871642875
17760220388508
4044087167335
14112856498478
5121938874057
12389207374556
15431041063977
15058088578190
13897411169354
1995204540574
6723575704164
1552115973258
7148879732088
8816880815013
1497634308136
17970825201324
17718966323470
9958519284777
20367728493773
19445705436354
12597297305623
17008816341828
8974709723549
17777305970310
11941968532310
8597978151904
14898540252494
7204724826107
101871012883
5462129286969
8832107336471
15962391172872
16079086522808
2420029805114
14470789544209
6863651901867
2344768132146
8745107354821
16997889233107
17121992109954
1967447161416
16170972104411
974379715038
19261060169814
1554061038135
7268262329628
1565520366871
18391049098687
17979063236839
14375828842972
5255046276641
3363686773477
20888521533025
6636159808873
5569240843345
15064833537015
1837315461412
4267467192331
2033614025762
20968141692467
15866978161356
5065603932898
11493831383507
10041352877954
417532835072
230713024738
19066304859755
5269077282430
1975523649043
4840841487235
4183089306069
5244858071484
6043085438549
19943141924198
13418719578089
6685677011050
7019290874459
1797877387398
12534593198543
1082323833622
17988714614177
13332178327412
985173717847
18743776178392
5208734136850
4740592173481
328479405008
8717126416644
7704398157864
11796404412674
15319837479578
11381581024399
534480551649
5139471686819
14827180481290
12657418802590
4436729469025
12200122234942
9454820178866
18735251062346
5116178197274
19556684312667
11187338126057
16927749984695
6869284257863
1059506288165
15719752478318
20243659706816
320704159910
5021446956254
16991857711345
6846962103906
8517796497411
15017528011191
7487749233285
11062032127491
11452860499131
5624891080385
9662429922749
6859895710820
10480882388196
1324673111500
14512551703600
7603720968034
13722426520086
12821947630005
2814765950001
9415218221492
32379249193
650252314011
18121472108817
14687076791040
12397397639782
18078731909594
10561930183880
12037373330613
6732407270819
10675310477039
14717719666341
7479160852397
20685777895272
19670147723832
6922736039672
14888948030308
470691724066
6867659847179
7498280762655
73272330870
12474267619658
8395092834283
16326141946051
6533723658642
10743905882969
13550637706137
9497383600328
15069716855116
7124882473427
4353528120764
14849246332281
1005417300016
10462589306999
13305189719012
15591254398455
20270197863393
1994203599358
9083586876074
15877791802176
21015090305030
6900183725572
20949327603124
533643711885
12764293979705
20999876883906
10485595962316
10748345206330
19391576073735
8263278890601
13094739465113
18369017674707
14669061813440
11890070366215
7272740699767
13515191190098
5635661086027
2377013143386
2968098165117
8331073824779
20186790141449
6351874114207
14898958532726
16759810991617
19601590725885
17317030822294
7417609403413
12012595681830
4577220638775
721012698698
14838241167365
15405224939923
10524065979646
14261041300402
17354658929236
325963249761
8474435701933
13384995169589
7858148098941
14756514113993
16651136770808
18110096700482
3790944059502
3541275055008
11739385198886
16285341526846
6650646786645
6929097849112
14512940568990
12807732801776
6464039270437
17659763336231
8932924916871
15012958646318
20271488242798
16658862423825
3481116289516
7430490742379
4558267964928
4057907871248
11903487961376
13266862062610
3205892329798
19867659802062
14904823662670
4096478412627
15738348720779
18468538542327
6679258584437
16976343196611
1698465934938
6189060400693
16960346850963
18898081334666
20977356478813
20017846526518
1509566739591
13480733310365
10904149542961
4128833262887
19632516445596
12681836961924
1022677958398
6549383118015
9465170446552
16451633053741
20157452733423
12955197929249
11193630519461
7427402524988
9808056783967
13957544748131
8417137573246
4118920855504
19983235976018
17047455119189
12715523810918
5505887292969
1419979987085
12010126705215
1115515976380
13391731878336
11270598812969
9718032636535
13455232752475
3524076703171
13348316106835
4867635663852
10034198720986
14891768591424
11660674768372
404324953506
14910469749873
3560315928730
8262417251729
14633844165702
15679990626970
6348941055702
17969966882741
19097891662704
7899600490151
14602264200969
7620009886342
18247386464321
17293199372580
17164434899452
11283318967263
8564319609019
8748967055783
16668503571722
13454650206437
7072340008697
13670895854919
20940357741486
7179349626801
9316959608881
7235972749643
6556616237831
13189455109685
7405792440432
7692936403051
8387140005078
1164370021240
16235951451197
10563777135206
19846037707710
4877295991116
13529817832326
19619212404550
14459560201640
6343871904368
4519282157336
11966776393255
18903627186782
17624497930204
764901870642
15950340639932
3817048209336
4644185660564
15190098793563
3886769769399
16169045231093
6275003384390
18394698514091
9512727351716
11844464925446
19764682599009
5984021957420
8004105935586
16412622264776
20815922594938
16631922400590
660311253395
14428544334192
20740644922833
19671700684074
17191671168533
6479884080705
2322391236411
10627420108429
13632203883740
20672114975792
15237591941231
52379078533
20141237958285
3934807394550
15881663046393
10212270142095
5456329105743
10001805862032
1140397945673
9991082685875
5367008699397
13222604786981
14119014057070
13154742577704
17712072674931
4757864399737
19993737489351
1693928523798
4849562454061
11459217402339
15970825136142
6085630014545
13873677903620
9456980869347
3107184224799
14743143940957
388254365091
10557120999366
10075127865442
16536947484100
13080033198798
4559929881875
7930787316814
13154838336236
15334223661544
16909753485848
8526268827215
7561835035677
7643201625011
14312355856688
12210041105190
48842373790
16444773545922
2188397403534
12034821930002
4396129769810
9094590032027
12727186550847
1461055759834
9375131404613
13708179017280
18967663895460
5212338525543
19563327311242
13778741550653
1609923196932
7253739911993
10695760599179
12038968436159
304815971086
15233151408931
730779375246
4507434922341
2464956345270
5248149734293
14618565245823
1788210730401
5526524423526
7661263011434
13157265233607
671125837629
11642196432605
20689206925618
11186045968816
18275668519477
19837964955866
6850229953804
20653701785123
20177182744400
18403986489058
8833166367552
13571643953389
15785272504508
19343466773013
19883670892312
2011104485623
15003391149861
1063501725959
10919943689979
4317985498622
9534684302472
1435928045994
18932748085479
19916111446112
2980760272297
17931102052404
9297285841294
9399033371207
9741888720923
8629129291990
1174796718327
1941778203651
14535241113040
7532610430116
2937723168112
11936955437785
19518167662369
18935689346051
14649650711182
7401755127560
1456460303590
16672736078626
20552290610741
3645649249050
15636143251562
4008345890700
19042386931909
19975616252237
9707132103038
15938471005179
12691161831772
12965555188660
16390611727919
3367868459479
16943860294060
7037673263240
6008244413564
16047235654718
17613199070
1938732535408
9961149865991
3110821230763
4156320683299
14896749492108
11497300283441
2536619812230
20932277010109
1276357495142
9137120519809
18181614768433
3806221621157
11034072458792
8881680362236
3172396331639
521746130921
2677603366713
2944556811246
6443064383406
4543932499335
10812338334118
15294202581941
1119292282492
15514094842864
15833183257640
6181595735126
1906194266890
14052567394696
13746155167323
9440500297633
311072886267
3707974355466
16867205244068
16399954565606
5577118141073
20866942900542
50114647161
13499911399008
11755079012650
8523585626313
7003787254138
12735347765718
20817299278714
800293188579
7848260558091
5558835543463
20408807065111
7067109908036
6627977685433
9807860051373
16987628551503
13469410268196
6205003691938
13677622763717
19768001712238
10054612581170
16004438857606
3924142871107
6255889042519
9310616758597
11054920591434
5190749521463
14816366212069
3668048876881
20850255072038
18571085212112
16212148745065
7261889931113
2325653715813
13800836618721
6424791579533
3172117204756
9251162087921
12720889492011
12075147259483
15746260273322
3812896906091
16426212230418
690076951621
11418891392308
6238593907311
9618202188031
68260802287
5461935531224
7208827386100
11976166752868
4034257642653
5306713931293
14616271381305
18195020088874
6820725927039
3861320027990
1966008537853
3060602355412
8792275278659
13274301626199
6958631209927
12286431233081
2417638770727
19145070149316
14821119125070
14396884420167
20557797340704
12402066453703
5633141028407
894516363816
4930432751823
2897919217832
7657171935188
10055082786786
133101214713
2470673683667
11623139456145
4404234805256
18489791626989
1043669231945
9344719963922
16260563182251
6347405099923
16600110025630
18990031331374
14824471953032
1839046511127
15916104695298
17007665212232
3250669565073
11390685993608
19958262467272
18901380093101
6865845411214
18455027028675
6388655420471
18491108711883
15637879696597
15339713797888
7149538477419
20833155969504
12837341737355
3412670766869
18527284443867
9496562491015
15564068903076
8047167500059
8071344626165
18443754063876
8162277868433
10857769983573
11414371238286
13659889152762
19978060230011
11040454936347
1580579056116
14873176733140
1367054370489
11957590230215
7556396477087
20491648750637
9087589019129
7846081805340
20068085926785
1281405144973
4796401708232
17449049559282
11324885985655
5792721187041
11754429723987
125425496542
6187417350862
6643960478457
17734549298034
11437159145795
13247716641289
8712026007717
5415199019996
14437911856088
14952224955019
7722900473526
18459635647272
11200523990511
13971568109416
2613869815913
8244624792356
9035721733519
13548142125795
13738773587599
12520700696380
9876128284560
13110292629731
10281939963437
2995002999316
8532170527926
9601150325584
17044659416331
4575163430287
13642073736847
17318935886199
14115579540698
15512717231951
19702954737503
18351190887154
8789378422439
18251799493667
11628377507150
20413913284735
1711476106179
7338475521646
10044612215933
4121868342976
7223237655208
7216623787374
1973150795238
18196680999792
10133765630222
10312262094431
17507845227865
9803826533903
2872576678567
8341301692299
13312800244691
15555036139013
10867631938404
13602833743143
9265526830967
70369923723
14724307023355
3061021959943
12473461236388
18540425411392
18937527217705
13489607521515
12679792393371
20796902775886
15598147662565
18431489961244
9117563886985
7610189161317
15652490691830
6218393285506
15767420800773
4254338618749
17419139314384
13407854251894
11470303905304
14129250519108
17930133573729
11800814986334
18153979297965
3669598324664
16309746879571
12797343131758
11604105872170
13096468010885
12562035550523
2009484161845
19144354161876
11586728505540
19402185474888
5431203532779
6255969729835
12344673622576
7218262885676
11173629751819
18480234196316
18228693662894
12663663970575
10390694869485
9545151800109
2597194038803
16187639968473
5039969943361
18388535939733
8293756658570
8752146293890
14997263263555
13105021450574
818561233547
15573330023521
18349350183267
361416444280
7997568593436
14660991538191
5397467399141
18657931696586
5887154785799
14142240787841
9163984357774
3115912430465
19339169536125
15365286138548
12489939477118
6152086384471
4025100848147
19040141474236
18630360201743
2214019426626
1643777898978
10589247901613
12690514767455
13975493731079
10416708229724
19432003320724
3879611078815
8917141550033
19417926799967
18775041542308
8718444044962
9105679933275
15934858397520
13580309965245
16430566623827
17208112462485
15536908175366
7350606722476
1854770658258
6365305448941
14816531140176
8192967745787
3916560469930
14525060983065
6743227589374
3093232960237
4792738927973
14136075118410
6976991952255
15071331304761
10936914009833
17480277323572
16006738365750
12996256277640
17009944819718
3836675478414
11291226522841
12134447319638
11148984831677
16544932859662
8732794531187
4290457280106
16861353939025
2370001112956
18562227330005
18160994339553
14578012718997
2033899517588
13153197771561
2538293234861
14015992508093
15539830964576
3370590050546
14393369868924
16745103926759
6273871297841
9946572305923
3726557250933
17166966051898
1544229800656
1822857540587
6291830250808
7527628405080
5106979667406
11146469361173
18534380764317
13964694926802
6705362656197
7408580356494
19200633588834
1557201178277
2274566879073
12413672386008
932562400659
3489950544910
4675518255264
9717056440187
19398604346319
7703532646075
3592935454313
14963316775811
682770440652
4918656490894
3229822522763
17217106470054
7225023879087
912452766018
19948355198557
12818198094602
16365861327604
4425458828203
1245604209564
3568724469213
19780246896062
7532842066833
18350557850544
3603155007167
12077204940229
674853343955
824521137188
19011126649588
2522771546199
15144900137797
13552553735942
18843078574870
3948134994341
4945724281913
4959265737845
8043403849141
8889918825736
4233383850308
7189685378095
5151228064978
18462626770929
529971906423
12642997170982
17485392517969
14888835617381
12327910046613
19424708601420
15931842196396
4990685951117
20746593690752
1010906763456
7741298544253
4341131289629
13027912886893
15367276891274
13188567350631
181874879687
16982897768566
17098159866761
8774573971747
4792816114678
13793774202047
18721159961154
20298617776925
2326079512387
323815712424
19522491004025
11507086481214
13876363241255
19667565490553
11159687437617
12284508063842
7718642581149
2236013616659
4906760899401
3031797999246
1384489192111
14734088760353
19237292314115
8813641767753
19394608898821
4642259381949
15058933562645
8203534198944
18887609790795
2895622721865
2655871799515
11822584343892
15872777427403
13887418265737
18736923176294
18353258065177
5699466719074
7574734024140
15727727158035
17852894783617
9451525506476
5656524985272
18261890603653
6431013785011
20674462884077
12520792570012
4010110106299
15441522719519
12482246000832
8554223200098
18968345213402
4483698947320
13157118947466
1313287588530
13625502089135
79814281671
11500628973628
921000801938
7671416292891
10667040167477
15199213594552
10052811263427
16624659977448
19312125316786
13146401457297
15234802821144
14229336141194
15027940189703
7273898179495
9773086004269
11454716251694
10979760383616
13280936374814
20222902956295
1401584594925
15382443090937
8848389401579
6221775317515
13630780040364
2506480406330
9796580479685
4770327632044
3283016121850
12385538666763
19467968289529
45166454092
18465484130370
14782379450906
13504221750369
1449166659035
8602758711442
20786411865268
1748880832367
7332809315600
9378659428672
20939251248143
13303061625878
17423081199291
10820220897260
1519642957891
10179665542443
4378680166799
832124926476
10656373964459
20606802303398
9145267134574
13539793509284
19738955093354
15820270912921
9627549362253
19562033597554
317628088967
5999323007987
1536986368200
3132186921495
20613788149241
20179622598711
622522894444
16878220887619
6595539707070
4035117017698
16252836613561
20372836362706
2886116335633
869388943435
16874067364208
1419261882346
3378188622834
19071299343651
14303184259561
10168936325465
11062657236936
19720113736235
15231565491604
16947403674876
4074358718344
11784281940758
8123385298544
5216502624976
12933980941649
9330864611825
1460454215146
3667384964877
14542672157836
18189182556816
6867095372821
9189736494394
3231735475064
15227134924248
14245829883152
11898693611791
5846899081584
11599436295170
3196837840119
9693467095414
15463133566043
13306495891238
10863657276714
12410708943393
11862521192545
17755748253283
3805584608864
8588437277815
8352995583865
9262862573264
2906986076574
19122555067796
4656565473744
4185318414781
17680331587446
1968673374148
20902816858731
7058082087647
8444489426381
19068923526958
1459832994533
20198500144110
18301977563523
16522026603008
17510440306192
9149323034940
18200671837660
2190133926910
19963505199366
11721903141776
13810975860770
5371971708311
14232520013703
8173203651226
2616480471274
18854466983068
3048183062026
6056701157166
7628387286345
8183409520563
17840473018198
436088415377
13360206062592
10761553993077
15588526217654
16805679381711
19810044352707
3633183556749
13755592714480
12909836712673
4800125107790
18243872235631
1545858551630
10224639326231
13210371363177
6637103120559
15172175838065
16798854262112
18228032415670
18383410077827
18564105981679
20332703072276
597966514495
14460700895229
15850201595114
7166604694766
2099351682712
20722634636204
17744540917896
13540364207360
16938581070914
7244278738223
4348094960882
12018304852257
10312735923378
362423174837
15505363953916
5965969880584
17513415138941
2974680544322
2440102582358
2688230014175
6809464340044
7468168801220
16744268813394
8278688008027
16411354160424
10870638294653
7411568906951
9893458544869
10169556310061
5190598701306
1333948339329
846857051255
4907763051219
6837140099333
4968914932986
19207046934150
5999834495191
523275889339
16832826441165
13986333166966
18817171097515
13271761742067
14006513565070
11888743324859
11190826107746
803650783029
330889152837
13930979250654
4067602778156
12340883706865
2251477609009
5930528853884
20668921925352
14499576611052
20903173011889
15033888690063
3398331773045
10314786410553
21028442352929
14706726957650
13004051963147
7778415818859
20557168128204
4373482887771
14848558570175
8279030288298
5064124975525
18115403779352
15588060586619
13205154831298
1139223506712
4074699604431
14387009741210
4622658921402
20680782498002
5857087841458
2447840271818
6025443183203
20042890374645
19535524995184
9515773932434
33503165088
18389340807049
1709210235334
5649470669945
1517043696363
926083023186
6080808841670
3947871882183
11970744833183
11666968366216
12135837732313
3043113624816
20388202505856
17390082625181
11779542702457
10549029587942
15549799890609
8957958804661
14172343856755
13835329468159
15011813525965
13283527460321
1865552700822
1118824333170
2492380045505
14790837149679
17779385704143
17967343789431
19441579883214
2757810107755
15618869287634
5299346044421
18662468566118
2969000744689
4898044296300
17522267552576
12268234369426
180231670415
4860025991192
12425685476591
19321901931419
11216084399631
586426488264
7257526863467
3823325035274
14353006940513
20372381510677
14731491007754
11585819134215
1086025527397
3713274562017
3841518148157
8253673593962
9113309786230
6166317675334
9125616942354
353289058606
16896218176300
597438262827
13826466693647
17542581899918
4474896767826
2008342901421
2758137598728
13754493122200
6741923860076
18375898375301
4756653731426
11025481807930
5471527976657
8721640639125
18480076497751
10620087662133
15044891992297
2471387973282
19061192829004
10221330990316
17391958084743
17497559494699
7131686921987
6740591521789
17904929902490
68720376560
10107121071523
19983825547196
2205314979960
2340770840642
14395816137576
25541276208
16706049398998
13131489484801
1025223946594
1432327158574
9178102915661
11507713714000
7954873749960
205421002761
11345101829105
10358909122608
18708160630888
3806263494404
6219187231154
14271867159054
4536173001875
7544014094778
14573037984646
1804407340361
19223513463466
11005134391632
20012829606063
10378785027793
17205735387487
20933250851593
16097646243049
1146873311577
1207441189818
10173450473517
634082256353
14137283499953
16457924431419
4117377294016
1821936955890
9855762856290
6195742598321
2873749136646
187091741325
11455702537296
6396326854798
15803860165019
11386500471420
10737080017240
6846306642137
7198666473858
15672733732855
7890138042564
5436696094037
3242375374258
18047241822781
9154012183674
11764458038009
9055998521984
1682839379122
16105464410407
20582220866624
8841164677410
9606074137944
13696653648562
19492040555901
2348106862829
1581076923207
5318972614588
13375669326476
10055998271197
13121531770910
15527948623337
7529832573297
10039523376155
13308228977175
8678501069683
20399422169954
17191380375813
8466542951699
18646301961883
15193252367343
19647946058262
11559979377514
6603126994332
18045693276016
18150687856058
5980267559651
15556689217567
20267961348136
15780516702655
20549741960418
6816805273909
1515833284006
6580770347787
7444301014644
4303184107693
19609479854184
5986946514130
11589458906501
13207542150889
12229320133721
14658933367067
20667309358119
18348691971445
17022457787244
14532895268720
11493885246862
11877417681906
2949105458986
18853068355494
19729030525687
6925107830506
1149469484190
12302994598984
15827296502096
100129618204
7485052257692
9887253042915
13022879538764
18545363142212
7019423413133
8883030932034
13490803712922
17835236207474
6922801204225
20647895756521
7031122300184
10789289331116
18164561688003
10739422277393
12018856007362
12460948669987
17924740909052
19490942273239
19139653841131
9492682042356
1283090194722
1515191716837
7232975038821
14827141732261
14548625350160
20161352600567
13524315188320
6001442618251
5643389822974
2366185936757
6595851151207
18000944981956
12571635727431
3946915929072
5893510354863
16237007428125
7788708248583
19133404145071
14728861436820
14516688510304
3237609937028
15360186701599
8435144682735
14352362918443
16099284511108
19220644817211
12297874431170
14697040716903
10635259751611
20279558073020
5787072849810
969098283440
13909844416348
5566211686460
15782200342808
16215719493111
11204708905629
20615946849607
9842255629767
12171739794126
7888537880137
5360551511009
5840299249886
1322496340631
6191155384413
11272901059071
19743470991306
13602382662464
10129660405154
12523972422820
2110022145195
8861040066805
12330956687229
2104983758890
9045006320892
6871164993883
5936737809792
19817525644608
21036027593716
20352111745779
10422379725418
18546717233482
18246601291415
200147529882
3653580864677
1229497989232
17821388126277
10100468956321
11389311755900
19429432368282
10772271018299
4807258737323
6008971555372
4314702409516
16532868642824
1817129184133
15872233809529
8380229513707
18878211747634
12924221994429
5288719311158
14272234004305
4603972930108
16594618606292
4734564678874
7740533190036
1303833138983
6009770597340
20357978817138
3538966881318
25273759860
11026778041066
20990278858081
18525124344089
11545734822831
2953356787635
15222043730705
19386067241685
2933006790460
5288895897721
20721042760093
16796046865691
20662044187447
8780903352676
18956878145559
12635820602975
5688482076229
16669944045515
8473775525606
9666849279071
18007669803188
13350889741263
21011042372795
9273784773014
5421250035276
807684457761
8875563262390
12201025040603
14137757803072
8484409655410
940447121867
16782392084429
17902951398271
10451206588264
6605503886731
2564926166269
8126468841432
3538803937562
20804777060190
2403060271883
8375522682517
18648726234555
6587014571289
9089176848038
18279527614251
13894460727896
16305316170340
17999439185788
18436937950413
16914767131346
35682175403
8415027709540
20157826824539
15948481214105
414704465821
7387226601956
12731771787783
13146911701821
20180844838783
18625682771696
16078900365676
17315413071703
2621998303200
1586186021105
7345527680088
12943512197355
2488981469631
15273447938037
3810678378905
12955443258150
15655857846932
18157511536106
6865226178059
7460313320881
11950129587219
20108021279208
19997650572397
17748677126459
4710164061871
4038576400878
14928707075503
15645415106391
5786653791447
9274993027671
6000365477708
19087972847479
17570935256120
19534161084461
2907939491282
7261904708221
85965950031
12417684351156
7606138073121
7243057993187
20888603343411
10730510837709
7789234560538
9649105288527
15967838499837
20787442944229
13871957751058
4995545435326
13634816948297
13057122835751
11628504523222
15423082739257
3023096853288
1137019667578
17777519405010
1743982173180
9336374735651
12542248682006
19099490854375
7787735457835
3193945149950
2675605856336
17858539092296
12889245603813
20124017860811
10334665076512
8223400842291
9815849448125
12093161365649
6216031636820
1348624973984
3026232981012
10062175449972
7430587109133
9785592156522
1274718324535
20025773296414
11588015283029
1037759074652
9612022272560
18540806716380
20595192053418
12539410367069
13987359140961
10871825079697
9481155114177
19024487526771
20207180621090
8595330073820
10513237420030
16848157066753
8622870040176
9626985973660
10529804844844
19499251926338
18098908448589
12607834257725
20174844305206
14534287762762
20256905636728
12016067546921
1870751009817
6861424384064
5054552717230
15800291413649
17936854217520
5691688795790
1803414382519
11684579704353
2026418462451
2109296742809
18336753643101
20425797102992
13261878792009
423705250740
10556719777831
18647188619662
12714609129990
3211182805688
19939718948954
980341845370
15587230905555
8622326270098
12149188394343
14833853800269
1690149131205
19823389516374
17919400210605
2944908182458
15231780451281
9842871944247
21027708070443
10833535519878
3482385219907
16120914727750
17348353932466
8346959413816
2073144916022
9900679625657
3049696880278
17474774300700
4761369490344
19254539834991
4268428664728
7791500541074
15152933860649
11916920962400
15120099320634
191981537219
1931715842775
13806192067110
8023883599864
8563879502838
829881719624
5182446165658
10602918118203
2058179502741
2319493872575
2732912784654
8946289701126
9197022378597
10175952136684
9718614474520
8365155815698
10376606888191
19804350679060
2547650248439
8068492771284
15826597632427
5423617247904
14361550836924
4766273015715
16240922590762
15786614327060
5332958958247
16426749290533
7520819096441
9418848282117
4490952405817
13142168619710
6540643377749
17102125102095
13109599225940
3553790255704
15294470717936
7997610355543
12772838046980
18884402365123
14382161232068
20019435989061
3034097811113
5627565099463
2798743036615
9708894303951
13500352968788
16950381272247
1425109729231
1024374736649
14559084501855
18968518882373
6513221945659
19414979344786
19454828462333
3707816073999
20226541794527
18705817622839
17715095504723
16583623158520
9356281069407
14229341220855
4582241022420
8953451587195
20442208332144
1124953412016
3611763497954
19979966567762
18319060875424
7237414017014
16888045711988
10760934307
5758029145848
12039127374344
6949716455119
17311501771594
5763375284572
11050515078434
5822706211006
6562645601346
9415983088934
10560694325842
14718258450447
8370510973588
13540672180046
16170086198697
14851301597350
6196872424771
3201656678624
18559831641163
10609290618807
13244368684717
18246055659257
9350353876621
3700051411923
9328652391276
18559276140820
10162888283982
835495436691
3849804672069
10666218490655
12250476875583
564724132163
20495773002306
2087089862916
8180471054678
1942964063166
750776409948
6360717311343
5657176232912
15695665910286
18195094104630
17933219707531
16725539450335
5427310087496
979154522700
4785720008991
7880794374294
18830794590525
14918833486667
17581738287707
7023538070452
1224868331777
6418998227269
19274077736092
12344887121235
20253061435173
2834526824014
13655428046919
2163238227708
4245816989277
8560403541823
14593284905706
17296503776374
6009098784975
9760295324244
17258112547613
14853833558332
18417851191747
14194189071998
1823661780675
14246326805939
15591342372009
7388165811503
11332480669743
12247604702212
4400544394523
6886507743559
15765581195618
17531269141457
20626423784020
18776570183075
11659046778312
11620314870472
11060669112647
7890769562538
413235482688
19371935119866
8040078238390
15452780925539
14496544773068
7291307873277
20376167074301
14931293391795
7420857124438
6394012304358
18730885936806
20849052186456
12717450492467
16460170340774
8588279482367
19732551192991
16561184568055
32948259310
20136700976278
12544032508769
14949335205720
8921064114402
97727597010
7783463564474
19090878217367
20479292143868
7506895957965
20944506416657
7648659611870
992856128009
15893913605376
16514638565188
10739642473006
14809183424468
3053486061520
15253577527717
8870347434620
3877412773953
11608940677236
16858188785477
18304459233
11877581130183
7302638794165
10774838573484
5177474102420
2056092712954
4095841503560
1107259319067
4329557176020
420617430195
2373921738116
2959291787107
8886029173009
16103193238691
10287143489330
1499109963651
20278058805143
4282010469690
18968330914640
2800379742796
5438730209615
18601819035158
6469930657908
7469663783159
13734775698943
17379490058111
14590739846982
9463724670118
14652052548268
13575359692264
5489600429975
12997712542633
2432949204642
12236835055178
14995031237274
7709235009252
13152083988050
4933741294545
19900177404974
12980835800589
3001474554082
4168132551466
5052372707758
12315985586338
1487269242499
4108552288331
1762961909940
5157185181740
8165709165859
11696079324305
14412506473043
3770940097142
7752316241893
9577678718949
6825618669221
9917855477990
15599111464069
18049895879231
9646944544027
6721641828292
2928391685193
9005778963621
14903047592476
8220149384523
6383704554635
1208774151657
11411227507402
19586871645193
5918434027573
20855124321205
1572235438687
6280144940122
2342930310580
6862950457356
7974644694125
14319890063800
20344034026785
1497290156547
7071256216648
16776870210538
12978202907803
13059037465786
10168831883814
17185551169814
14807012484272
14804899558391
5414078383171
11314028410999
10390792128651
2501217573446
5988697730803
3893884417957
16362846207723
2568416346465
20907468918632
18204739810344
6110514782454
12417953761966
18516884212460
16361784034259
11022180446032
5620632956032
12782255392172
19013129325306
5763858538936
9702157387040
12289606850304
1980051055376
15723984880967
8529584110101
3434427326011
3829205121504
415984703594
4893259764459
20469439705821
8562232460531
1083563853743
10292001441902
13120312254902
1284379938271
10887732240712
8419639567640
189046364583
20531391098599
2155873736606
7808290935463
10951457325264
12376948335600
7379201813418
18828417136233
6885539151188
17235669978889
4364502437635
9319794079555
15257748212091
9073153437721
4160870366533
893588101040
11026773545336
17212541452463
20760834668750
1421981285570
10724642985307
13707421711339
11264869943412
12653325347237
14682747897018
333497704787
15798008906435
15977856488685
20337729540930
9579828947675
9563614804649
18633452526724
657216922802
4138444199848
7022300478368
17284906290159
17201237819477
4038011921502
4267739427517
11644436243323
18566859675090
18665641915111
15833441001639
20945688572490
10886449038529
8626704531364
17777072061177
5963420703769
8979475117394
8316883773053
16321927966139
7647978029399
9083782443519
14311335009583
16191848138560
12236719737224
16906141887821
521933712243
17985470733144
8574758936258
14862059654805
12605580188870
1578324362987
9589926964553
20267409172984
13379890097181
18809812719864
9164058129397
12442238315507
17817477043077
2562360369300
16556615160958
19946430341606
11250592078532
11231209843751
2254356715735
12257938708065
4399484043716
2741081628772
2835691078471
8980733272367
4686332197124
19030564707426
18606789505146
17215879884791
13949352070795
20786958788826
14910428666863
16735654672015
7540651034449
9687082782371
5100849018271
740130775155
19395512026890
7445356999560
14191622889141
1948373339888
11082995867720
1455783440839
1837029311433
5418570974120
3024631464657
11977654321645
12806266887475
7145018689922
1540359324681
8906233140729
13829656909861
2161587462797
17358504993826
14973616286650
4661189544139
13634245426329
2205631471785
9810122188173
19361765929729
16596877661465
3827243952744
18169900146885
1378335049401
1559276366268
6467360095942
2316074302998
14208014273955
8553205870223
15980329852952
5788280073081
15607180047528
15110345631021
8627910205566
3014627258344
2253931615708
4350780241244
19563936596758
1505226229038
7715067980561
7232396806030
7266011504068
8365399427207
13932876002436
2494041887761
1646935744428
19825652267986
3193643659522
3652283685581
7140293363073
19351348886209
10219866306774
19948332298844
11269389266229
3979126650504
2256482215677
17788432711551
10715443304801
17043782218849
16184900861154
4339385478753
237185983697
189647019347
20254819312460
4867371231326
16945283026708
15686625219517
10741261190517
583498572418
10094306751347
8540301624471
20614990344853
184236857071
13149935121876
6077729993076
2183277029768
17932646531004
7996732597861
494083398068
4563748736696
20253792894926
21039998682589
840478410807
1477003480390
2261337484101
13486901943660
3661118863814
17330245812090
16827960136353
18183708089438
1239999756039
18510293826597
20481070061766
10045538003818
10213066087232
6752406396000
20001731293810
8556687023867
12042736826229
12059991250045
6198812508785
3320147293444
4113637560613
5277590851070
8644446352747
18146851261874
7044742352419
2411438402983
8176521557303
19262435093695
8997806677490
17240227694052
12125440223863
2704827691079
4411655960160
16190682410313
1672134820557
6498400507590
13260935449995
15772816359858
3975554063287
7759851433105
5497726890820
14092642328963
10102314191180
3020775879940
13472878321317
13209076403220
20639864465073
144458139950
9717389612808
4634972242343
16802727235044
5292689981510
1530660782085
6954245663252
12456825241716
18141019167733
18454215420322
6885284384102
363929606458
11209503132291
19564176486905
19827870935670
731360432490
13278142881111
9067245174978
19733611775035
15433849659723
8432357681190
5354976580493
20760540489778
8816044077322
5442332549326
12770279564658
4416171998468
12139815870248
2871583703473
927162020538
18088589294369
15085035138156
14774153045889
5761985094343
14369385525758
2891909222248
5848290629233
7076566007731
4582150695977
4235789699366
4453950530302
8114740711098
12220632044469
10135247122349
3563743875383
15786251523994
1241129282696
540361380629
6779359120609
2283748192205
5897438980294
6117271727003
11773573422180
18435461966523
7345328727423
12801180549636
10900924980358
10133745679533
2785338447606
20678521143145
6568854859932
2909714384046
4591279724892
6001724314073
1051418095528
5769489592703
6079849736241
8558016223218
1500329897521
4613040944394
16409869075435
16698388487031
16052347486482
8621183808803
5506506055841
3154416378878
3400195405701
3792433858764
18948979325502
11535253536757
17566964149058
11058869052821
18552125686069
12212575352174
12698580438705
1950200373484
2278709946555
13051352962202
6709454686066
14738391542378
14099546893797
15544586674471
11566955125683
10419659872474
12815147113170
7585576560733
10645008685188
3449585872626
7993670075280
18508088160352
7087769099049
12421128734649
11057663332055
5622916723962
8770888227269
10259597489707
2232916133822
8594321771605
3820134976016
10063971846303
8379218675177
3344820239114
10154677606544
13678908491779
5155458249214
13416614027810
7738786324777
2765311246490
4999894162130
18261341692509
15628357335884
12701900991017
7983544943597
2769944069569
793365466469
18862304843183
879049812421
2864121637259
19260950580642
1580838658704
3637588509911
5343575989230
2033069021728
7648726861011
5790308373989
17484788773653
5800918640666
7050010661497
9625032467888
7922068483957
12786993997404
6105335178766
13226548394508
16175278087450
20016728848390
6521715895191
15049219828993
18280595912492
16568182081917
6941331045509
3679697782236
10507495651217
7999853675650
6364858189704
8850300066729
14095172384970
20513726231534
8316624871869
15739283365077
10357457691345
4048671883325
10771842447043
5279921820603
16027946931271
12792228758630
11445005631237
17750023522106
14796303427494
4654818592340
20329754827195
6885252074727
1349070366416
9667480594656
7944833230021
5918100147923
18002161761982
3158729014150
17982579019505
17254268590408
3173129724551
20988414620390
16481180647702
16890520587730
5259089129639
19378865726939
3785406044978
12909258122587
4233342734260
15010740355961
17101649538118
9502081531906
6612664605815
20409921821624
12199581625630
18473790113839
1043004423785
17885001498956
2052835701829
10979741229051
273530603526
15581725118497
4401739986859
10418193138597
20555283967280
16820539608778
18527675932195
2603381163678
4430558153777
2391905798112
502760803586
5299446365373
11925744124554
17688681455776
15773139852459
8914525427811
12602814216482
17724114447904
17454284455604
7459606127166
7188129195453
18432059827552
6221159452122
414846932240
1948080077125
19767576777821
16502674081784
13710621190705
16901929365395
10946784862279
16308524252380
3984064876544
8238001776228
7067399483508
9383812179379
8887586350587
17885553399156
7040215201568
19475619935246
3114766915229
3846816758217
17477629386424
2388362898993
19784300044577
3603511359413
19062740563927
18665818807892
19933152516622
12258818336532
1495032774024
10656284186444
5773308709075
1561000186177
14423731334787
11979804452431
14574363331673
14450620183011
3766544369002
19350370959852
20832248660156
20529918680682
19946636452567
12216666255537
15253627815728
18274499049216
13544023375441
12228534836457
12767203893243
16079996413244
6555710874166
12376845316829
11205447234444
12912808814614
6157670213332
13915508421041
2591850536572
6946201721618
7514942623971
11515604334755
10847512767240
13318785877862
7243054331138
6888769718352
11479522411901
7485847859630
1810156075390
13343146834426
7141941499803
1017712238021
10152428895702
7863455475580
11588369230721
1963088145130
5822077650837
4568245199924
16376091761995
20896072559318
13558833747841
1895065420709
11384203152813
3570794508248
14061949571494
6697467237128
4907057729769
18373413821317
17729189761002
18795527764553
9221741847982
3686026016448
186339540378
14864597085836
12055865755005
18141010272691
19023445306449
13170663704963
2346221011584
18416072621942
10865529777830
3863345727513
18327956586579
2421854033
71702358583
6234673844945
9868292987405
1588756223844
14885353809628
12583995660744
5477872580428
3816997026555
15338235124581
20647446004334
8005848807523
11731717978154
19147045168759
12842800429806
14817725868884
11810879653816
14578993869909
6722312369964
20611945947044
14286978379270
5979312902127
5535965911833
15782635426013
4232861151722
15005759978607
33917013354
19755934099994
20607613893625
10153915824820
12508944840080
4271376236184
14799852964233
9119805944661
1497121493224
14783007405205
3805170947722
13282803632327
18757496159155
8720892886006
11349829930480
11195452067302
14418909128385
15439192457833
9975720092985
14214504428517
18358828198409
4903766105129
3735794523926
4778922399530
10934818594221
20423785355477
9289516448046
1651285123838
15288198962184
5284482208195
2906678309002
2766730286079
1236158468491
12305776778251
16349795379201
12414121056876
294069612780
8785048731192
16989242989942
5480015375773
12166518441205
9115894518759
18041176481912
13031157641064
3757599744218
7071073657286
17367382489557
17701889168586
13600032757508
4733524491617
5990024965523
6398811973130
4834275855429
336827065498
16023019551953
3094376345843
9515995333374
14312499884928
6223511920490
17300564647445
20427404609430
7045723066953
6239240938004
5332700534120
13577380160636
13405173091822
8653309373885
11158325793035
4227797911010
5040946075781
5073657507524
13391488446842
2538963468991
19664297318266
15645088087539
18572462672457
13610438275503
3226145160268
19980472112134
17438141207479
3249351929141
6105263060428
7339698217406
19339177821436
478543252920
6907844889704
20074095052079
10862281939055
2742542466768
9432165302895
20619976878249
10776923791299
13678424607726
12174282771262
8340206504731
9239160629987
17329002773306
13942464855695
5368200631932
11002788006313
19661094387287
13471844330262
18611181674511
15496993751709
5786424409617
9380237808827
19549969461617
18895717346371
14214850840684
3606997648330
7495276331652
13163556252633
11305969435981
19287269111672
3455092898810
17337152701875
772477049592
1484066332094
4026471826970
8496090760919
4426417466389
5787085173924
17361506592621
1962351676223
10162932361721
17421931901831
18801684552603
7332776133399
13499244773584
7360859018261
8457307793826
13841711270569
17172392884957
761891009473
3479711832992
15260203300528
315310649230
4029484587370
4052103252230
798668789692
15746960536177
16842286978506
8854716708650
18410684704966
1244808583352
20900356035425
13878499127557
443759252732
2627490965135
6989167348341
7267883516239
16408283582249
14769576682163
17422817905595
18025315481454
13047235484612
6433018128044
910026384615
4295431636715
10455422197993
3636834493437
10048558530231
13982419439791
15746766969188
6346179234210
19935655077494
12758570095039
13672562815167
15967863257733
11415386302260
3787414092968
11183159648861
4864280008973
8993964692254
