80297953137726
119058768072502
31711274595126
4632942942602
76079262900875
13480003066803
144168199170786
32272324718742
51655332789070
65314175482395
106987437917681
99178135974962
48772268628678
115909926741948
113593099379476
32967896826272
75552005888395
72194978755886
2249701931419
140513628246927
22082938256161
5489158886750
144380039146222
78738037319827
144204426793147
75501737239984
110886919056676
75424643825866
113479075700087
101013832543190
111159525026223
27074725804571
156310536071883
158857341300160
2666097771279
37705629617644
48950928492068
11269834038915
56794770749959
5020675288099
127555324182654
74689877714912
8025602380245
98668017820672
6162980382114
58397626771468
36456723475268
35587128176454
990839898502
23971215333910
135845674141900
99432717176949
74031834094147
37760265172746
94630351944219
50861178184310
122157969493194
50754533201320
60738803784154
119340713014727
14730569152390
19338481331668
140005300376323
157210481673655
107836829353934
106791514633244
13378904737888
113955611241158
69534007515192
136520258357793
80603334732975
152479016280942
13134270079610
5747789419585
46125778266117
153616939896690
139756347158385
48963100917250
142096650808426
81249471089425
1430669578611
141947900699824
128078013661888
72476353204462
59780540067985
31311038107026
134291849751990
102855698168129
14084858677689
132710705828782
14897582659034
68546438006089
20713855139878
89814148321018
126408637707978
128770924147263
64095118474164
98511318365876
152502859212502
75765465930257
104484166016360
82197675254951
123199198663746
112917656178411
98033084475848
60046560857839
107314348980516
102310466482417
106042954228368
36857559696197
125716613881821
115659541641810
55427557491782
141595835191847
122264579420696
130953542432456
109076457523354
22373501210277
94633159613398
32375534436713
35154540434025
138597676036686
100806623325345
123331792768939
148260129648565
93213277646534
1001202407658
31805201234567
80486676867050
149051519335113
135255430760619
33400640926617
20338062369228
91403547166357
145893563836003
125105394646951
98989499405289
47316691683050
58012083161796
124659822830255
56611757500513
77799070544081
66498694885106
33548211789975
78316493923741
81282169079891
81006205534641
29710102856686
26825812072604
31704696036950
94200523415983
97270391672154
33340074031077
8925043304353
120134010776392
158765173837668
129660002977590
41356035593463
60971953777122
161618471623403
110349558941928
102596413442454
117314943839180
137491976610077
18253265217699
74066782187872
31108658275729
32550143759785
21696383591940
79862185585068
138304191148361
45673676612304
90290659966894
132648271950568
94491263932824
96890877526492
32859169243401
29304160666444
123600455576497
31115323661736
25841105589868
55660863279644
91066495364869
101699345289238
20182201579591
51301318475076
138907924248060
155164733146462
153542133041343
106065463996226
143312003582204
72316938418885
27613348654532
156366316241318
159693221447830
107194280425112
7047380154443
81154945027931
37391869042214
74510629124829
65520119589623
159763179318516
36370563632793
159097450617173
146560791191776
122089895441323
123332024607036
146873216557104
27016469135279
78479578795454
115870044141600
150572515319462
113044488248734
84622700586512
158987536180091
12523632274089
46136912757789
130781096269968
93658312068956
212697358516
22657753118458
91335375312075
124162169510584
94805575503818
137169216625023
66188483743463
27829270117809
121084023417261
74429908929819
140207849812584
5554587873886
100640723079625
92225417756627
93460531819091
55775315167014
7113632997503
15464833205161
137502504742852
138260010175016
156329663865379
88799519102148
76005921593265
120450117933772
131619054210509
98808182195741
31506009237649
161547868255657
109851457412943
121820706416874
130205198869081
62107436847631
85809991554667
25067254160148
152864437528825
83325028715283
98033967183186
22410557518809
15339255650286
140957389399456
68114619707884
80496877075674
3612523926131
117739527190384
62197281014944
68970149381817
31523766914433
66054429352332
139345301390050
79771169409112
80832560723964
109153904383136
126405044965184
142109352972007
33647609779418
158642684504080
82165655791621
113188833440840
71771554866555
66431886548298
12821948943992
63474718623093
36691304220134
11905983948806
39389792590399
4315774708282
63017877475614
116518776794285
147325454068506
149117833527829
19261171063057
10535226100535
87216373791408
26988585269942
74338034571866
154923318378261
54326442787145
75327654907521
156429080452380
136122706900024
14247234434602
78502652730443
106741941695143
149946546085162
73172683225366
118083176087858
133589646456160
127132786273066
122909889267339
142503622286305
85514956639860
132681156584691
106011023420191
100986566817260
72633953605369
81748931856104
78712799500055
152817666724533
52951137051983
157952214650671
143842122619847
53831911039937
12605708935331
99259326696151
89468156180166
119847212442205
68548018390558
40350946516715
147988294845131
1600680096794
55232928738704
2514629953877
154477341496921
159204862358893
130299915440748
132621313256015
129620236111135
69286380224346
74789943471019
59358087744983
104213661856043
18967797929412
64369481560674
92696686962512
125483597218921
79166267304231
108934128251735
127371327387095
115271711274929
59535261793730
48073110451630
25719055480780
64819014198503
126656218368928
39652269091786
138061046343287
62511075793261
93055178315466
159657595524647
32909576959497
28652714696763
12747039460893
145479915338838
160504593286928
114792110079355
37484843248738
112772451510461
147545314185947
82696498408668
134986171555728
50970022212544
24748228598684
52228024532015
156021043264880
94064946381166
45606861686854
44477662200444
98937776487248
56285328529847
154164918197328
141109474191971
86982319973937
101595865938722
85528889754737
152988432436246
137347501638408
15096697640654
60984764473833
124753763392991
160869624950952
4874788993043
32804564674694
73437097512123
18768726445936
131100306713118
42968717731264
119092145167293
81935092030599
24634452937434
148921901208318
115035584347959
58706277150650
103210064742510
58265224338232
155112049876118
151694779671944
50957176156288
86204043327229
33382646317103
153877711055580
131800568895354
156502738169447
54706573421544
116329651092740
139497607010167
48992798537920
126354078062092
144937699901815
102546347363472
59172411332653
47278628085302
115613705200222
108937626789755
147853579194775
101979862816808
129974352538930
126335680868967
118183690758613
114588462097421
53503818036718
42789463690390
94721917806612
77770822995485
39028981396864
161562608887339
88882876350481
108532059548865
101795530118166
108076868697142
1309952485374
126075113436583
24991528578148
13694917364106
51299741657204
68559976430885
60281526269144
9344800069324
48124584520195
65304246892742
36179274225734
118957477529922
93237822448690
62692222651125
88226786364972
98627765100050
10015524652080
98341746260340
72424841098110
37340261071436
88618144553677
149345397506427
11214225553025
139495310622091
49318444592320
142250110468123
71878217628553
24481844977289
74803450723596
50476042306095
88308891760661
44897184004597
112133178693954
119805233707472
103015278654325
52365079064320
126536903502207
86951047488275
75693624258458
97756149148457
134794057151217
46871593456264
65163457199447
58535081859373
10612475139605
50223841757793
96878736271959
56628325118081
89331378969589
50673794904871
103504636791872
150184223416836
49416680425118
72318762727801
93667569108406
140768058346257
153141046596352
88179359491418
135893742061479
74285648972027
80414977998902
151669792574109
123222622942185
159253330816654
5731284252147
77936254997003
68192356761907
127832000784471
99457207532564
68703613488128
42141157469573
33995068023684
75124044342429
129314990588476
99350785967293
114372654914984
106746674427344
160576910399935
134444729790573
42643459247620
153976621168424
149810428690270
118515940240397
17835613004268
84386257195345
4293208144041
8864772698412
68786233431077
74386613343554
12960085135349
81048346229905
59389950741267
89369970898170
15790074030351
71549674984778
12699487945310
19031602169203
58596106465907
118755570368161
48126119214355
117082748831287
93481454866294
47616435961433
144183715185307
125935711035935
116148687680867
724441254060
125457238448241
152799640064316
35330195387582
19714633788961
59744644896144
105507333304965
158465058606915
91420206270717
41431512676269
88203756404269
116340935579491
32799882053160
136465546915196
44241007122661
157840801847209
12023991049867
100288298836888
103879364701938
55032507107522
1725264240615
146439646485979
134108595713814
38468701063177
145972851364975
30059888822816
100736057703401
67320503670476
36560351827350
38953743241842
39203010772045
20323753204945
41399682812269
59371392605880
125016920112048
91894758225964
19808917245762
18444305677190
52482127412318
125432086396874
126232875708680
26792172851160
99170791148135
56785374564688
79844128169935
31752165293433
55517690231188
152881381080156
72531493581096
154300762190384
11616850129107
90577278928132
102794625729177
122694878416371
17993533580848
132925664306544
131236084300765
119100956506978
22410050962760
87312326333123
3638062424884
62416085422144
107968719107428
48610460428036
121789807876732
112541888985698
158178048946670
70964750339525
85698241037738
130845098691221
39739226310553
138156919471501
148168924312412
161103660986074
91888867237763
133895102259912
59940299270426
131605540391977
102557455227798
87915080443473
121402845729803
125999531657295
114243777676540
26274555298492
68149200673100
123643497140906
92268188935460
48906788594498
119196462990647
24620151814526
69327008967575
7587279858957
120145087515348
25223326189217
84464367221770
82593978011272
129565121128423
83977008540513
102013780829732
72480307598046
112627319742972
102724211816106
162422452883904
93484628927892
52452744770910
78852923368177
20902667647285
74148146080852
141658303919855
156875619264881
139535373543496
119617757743526
80562735993729
116272261819645
40460047578985
55705735614720
8575535180710
133022444904573
103189118792289
112237104417319
52376854369731
23335667459732
81083372594633
9448262175981
6747035340301
36410081894999
107278213012020
38159639651013
138957420281442
140689998886059
45605460885619
54579109899940
159092678562220
30835979375270
11798492729182
159724010847113
102035465714585
125957951218921
59855439294224
112072338663164
76703064625160
156011314740759
92277614273764
116161865971528
17318005543872
79517950072589
152727498168233
29974481170739
68005414034589
97480347608414
22093053104586
33224663952252
57757602035481
34268502637568
9620672435359
145383372827315
104797160639375
83005129969797
156095423797163
150779602479662
113925128637553
45762410630599
126771348994037
99049786471358
83565342029128
45369013647422
4019469815902
27503040620348
248764530681
129737284154672
107011426065512
110036007500418
80738303023870
152923255016156
49337360897749
102589717605078
158506893283602
59551906781869
76580367807744
121966551631851
106867350654785
33977573617225
52626005361409
94723362963554
70946396254128
27546436098501
38684637105034
97382957584781
76901511989960
159110302764001
90583297830547
125343335397135
126603998539650
100054241796509
48814361000573
5310034737418
149042645562917
4106429207909
101286107102923
52938451679421
145517170325580
135140517050485
47171994409299
23902313696165
143252181580379
143700440539802
110217052121509
1593648289315
58520568695818
3583184672405
13972555020661
109058398914992
125400044612432
28859332606831
48828712377142
109587663854762
45613932996561
125452007157836
98368036370582
18629652307999
5166617245377
157681711208123
38769249535971
19147564099974
107415064107574
78707309411401
87449270212134
110458400709358
119280764369643
154836901802164
111825217068184
44274972967546
10520064868809
98920066819563
138840266832200
130670285942148
140420285108173
87153006794977
64840777487312
111538089510532
76848377894997
152675604979944
59243877707872
28285107929350
90006987415605
58872635394331
85753137179950
10602134137035
83540947023468
31777190840980
150960313974764
54845195053090
102367625037506
71973741056398
70836171219969
71650341988769
73828501262189
128205295713387
115481360478448
8278477621308
157487540017682
88819970179616
65214557043855
46930914441081
98763035153196
98434790379262
11278323127974
136011497168310
137872859781283
23983717226516
88684526832671
146853845849318
119907482673070
105664632923993
104336609778196
147897477795495
136581865007052
57440956646952
53447420080552
17444588597319
22862390596477
67303830177364
30301650427500
21720739508865
75389487553363
87605533777428
21437777208480
150269525794228
53118249137092
80822078187828
73283209197092
105939996904841
64802989645198
159331322455755
67733788051325
416861117993
38237279879999
141140420263533
104726213104454
13853281597687
85970903319627
58406833566177
94233044786089
53943798803928
56916306855868
18225425351781
131997416184934
27550061135657
58842249588755
61862394162339
149418382918001
144130710824785
85611798052333
81983618235431
89045595955648
99199782401113
2488811450293
48921076247760
127391335219458
115589455096247
113392695425082
39418767348215
89702903436250
126215321374424
34687134809441
114139283277831
75287141134849
10108108370751
99923046438
110019519404724
120311283470575
109852875568473
14699774246612
45283281407443
108393153812076
10019451281027
68610075587052
142532655824547
10492173107301
1281993000263
111944884536966
18460425842694
1554874682528
141975190964228
86633712920859
11214591803999
152021610440838
125863272420444
146044779379830
147924665549345
96693914235451
101125059428707
121256732898316
126460882429020
7030771079033
83534911245321
102988051982678
149056364695234
117254638106673
90127942475586
28229175180337
63861966443326
93577646841437
100343908308652
42439099401335
18079734041302
29703622265452
93955765617784
40634199231169
60097444500627
75187816148730
21331810157081
71802267855575
36551520677581
113385702472771
72432228032327
77176593205031
36151714283697
137281184223271
80187441477740
69212900830576
116801529410468
63597886817942
57081809415062
270036472433
121296773835823
19163011421762
14771741230383
6333647877082
50766491445101
129523718707824
7663915564368
134010688670991
30861705959457
43090012908788
120051722739681
56112437367859
38625669713731
98152711179935
83068826369658
8214469062850
144807609084262
5628375013491
127245920377010
90494890560712
9022417281378
159662625625996
54273493674481
33872269833445
24935628175055
151207908726092
121047116050983
18738233156322
52651836549500
135539321876623
108026406285972
3709060110965
29815521381363
50693115888525
5430270483312
14955604107249
66801168561873
75462291324302
39546918265393
89221806765929
78852176012546
19571142882735
149767008064318
60501623445179
139581980633628
131842499257952
121663637849671
97171728158748
133128737893771
91401972835665
153064505248822
36171845079672
25735298416112
70491207248247
8989415925007
121671007439400
12650793985580
21251861112371
38080234971965
141620632257728
135764268938060
22207579728713
6932206057714
74653127384185
75440831086266
143388411780187
130044294360137
102488558328861
97413725255847
140306244448332
72756205832210
107465364178190
46129857018030
157860129358322
33456836250330
139347849197470
18420038547575
135286983455547
57971779724800
32523799495904
128585248250584
9066746681909
104655703763546
89059910107826
131336072475123
120767477882303
576790757760
153748990624417
1633332385604
129748590238453
63174090373689
21454881353867
162028311167355
88482535280127
38786099174733
