140115518
109874846
720076
215611876
19698148
119706478
27798908
115322168
135061916
213852489
104470863
80293478
43641899
201854586
129002184
23855924
67497302
131737066
26219498
218974
78490018
138312597
153650281
128620936
55587546
7639951
206679088
202868500
171594688
224642055
138520273
58895202
195232159
3695673
223380977
94038747
208453444
103126570
206772456
163531313
206503831
145110032
185517148
132795310
94438261
144716879
219001300
97448865
188306886
196270384
86157654
46176866
53746438
12621012
56848571
125614823
157240460
3463878
81201446
127454085
182271457
137128047
223835349
131078672
214237568
165792466
20275191
38958898
106674412
37021588
12685169
200585169
70884911
216386045
128433309
115218510
146686901
35860355
186076569
72246093
206993441
151910935
1041644
158969881
146592676
2614600
96566841
114404425
193697262
163803652
181220188
59925400
24157943
70390529
85056948
169246920
146841393
6011729
151746391
82653391
155672528
38122344
90337235
211790167
121379907
3088258
216237407
97362958
104590915
35407355
139817141
207268975
153708651
31637059
191978373
203140469
27132345
117101724
40098984
26605213
36791128
152550760
177524070
17147900
35450670
79475577
194508726
140618330
100403648
78024747
132601184
114861743
148309879
148561984
84141792
155720474
184427222
119616689
219515486
171324808
80834925
66560714
93424196
206875490
49753498
107798571
70797292
130319138
52440589
44225947
62270175
10363144
125154682
85495603
217047233
86093483
33395823
28785454
81639279
74406639
127599215
70584741
110953635
120063707
68901736
170148121
140297378
140477155
56545859
219074308
98550814
62760242
1814435
182466284
154452993
166290000
170789829
147531576
100316624
9394996
223443732
87504640
59111321
163521817
63442252
190386987
104599122
112540195
125536081
210407254
166166775
14593950
56720590
214870456
140088510
55368334
48749926
187629616
172666511
7558472
89855859
106427252
100246842
113627882
152572248
26795654
223281291
190606993
48238204
172401791
62023439
208251932
133689787
86438765
43503257
75966310
132606047
17754063
142741716
153596960
57966611
107527759
71823481
63168978
127251302
1894243
147305199
130182474
201221665
70888014
160300689
197651152
131034385
133595455
209147355
152285705
98150916
104206619
132860401
70485933
54416489
148751518
114719387
105390668
9344991
88152596
151294735
47069975
160044425
110026249
131911810
172154614
142128664
65131019
17935635
157517170
32022090
81636880
188627339
47884433
94422726
28279475
156965148
41074025
114553989
16599372
108217141
138883019
30902637
67343532
42511308
200431758
170555409
193572567
69328036
198935856
170510464
123560851
178432769
30178669
73750523
185044729
11426165
49807632
50119547
53642342
142163709
226341901
19783526
190610896
189999780
132304384
192336563
142262505
143138334
87172214
138477141
12981027
137496905
122226295
222829596
151820148
43242954
62952147
21399512
85494209
10401609
103877851
137693736
90764451
43170717
214252075
64779212
99400082
62290011
205260683
154040239
43023206
153181147
41430094
45434498
52334156
144751824
65147331
25430971
113041967
135044241
44787797
145312737
25066605
209165960
215694637
221995034
5575285
187435504
36908153
139684712
201473325
190454409
154837145
181513472
6001280
72900151
107755035
43841689
172601800
73369
189668081
68446990
65538969
209878530
13461407
203612600
134109798
15448332
72747377
9776190
187084668
109871102
104171959
137378814
195321712
174241076
171400035
75432861
170437618
98411089
11271856
226685505
35091004
195505929
211376904
18806729
113146342
186441846
209018877
228241722
145824320
174310762
123546403
167130094
89732650
196922916
173190904
221092007
124269437
68113997
64017908
49463678
162539746
68083813
111622482
31634276
111680568
45299411
25313714
29780243
113517318
52326887
132859078
102644641
65256456
63277742
24206566
222279705
138620674
68958690
35389367
83702940
152761647
182176989
171507807
189465166
173960225
3520119
201646443
6485504
128331080
144740442
72248027
12778757
97001225
113346348
138969903
43442838
160644492
26778183
190237019
218204307
6905924
158850922
186523154
192987247
56012766
124931562
3283855
154249180
67865111
52497711
68966263
152632745
76168859
58773540
47819501
39513451
53714231
116467373
192231934
59541339
58587206
25969692
180423777
71965337
192420307
6126877
197937742
581057
140085072
3957915
192367306
228070862
218885775
43091141
103238195
132723494
157126123
175588898
34544951
163417714
86629945
69128194
52720874
109565122
80065279
138324169
36034634
150312329
133598546
137930471
82811561
116569800
162561213
60338918
118717214
127699590
67422544
214242433
197120925
19659287
34819032
4237777
226040880
154685116
138679122
6936279
52660641
144352535
6909810
10198960
135611284
106281741
78916938
188683934
150075708
64732259
117097475
103250635
179480176
221625790
6855372
81930542
117531744
