155758178807116
60810675208903
22421627930920
6628241131838
39047812400959
98011600918003
26541019779920
110296836254389
1639580704544
52626968889370
4922687142615
77172273330877
96314917099272
85252339668887
133906352877777
126752612765692
80847707972079
77824256443136
67428272444809
110994591379687
62773714584605
151652693067845
91881937538720
158773944699159
73952091748355
104730053503667
162886304129293
14128841084972
40798897467036
138593045882401
51489266083304
21583004320276
35746685653613
35306354196009
83751768085561
143364560562070
117577091676411
159396319435526
111919730556655
44876974622250
112195942546955
5223189226194
155759992965097
58983177455064
144216298085041
151531433166670
60949223559176
3519670250825
149306581263019
154625613643080
19637852995050
26377931368168
86941216959955
112343721117326
114830756012675
112061357236223
19466686415316
109059364137431
8212579129254
8939129687904
6105127339584
31512855197551
41830999964473
97438583018350
131056914434146
145742432246725
160221205811827
148025480718417
76339535235872
81014759961309
37482781329081
68714972464186
151833541738139
134685491197674
4343673451090
106148564155964
121704618295091
136928323614940
142611395048661
40533188789649
1702625694035
102492918657086
8137274326138
42943641075645
101550414711912
46829643766233
120398118038944
25938669960832
159586792647376
121364698594042
134117198170158
37341260072740
69583243085989
19383402048397
34590992748295
73007611842772
107503981938010
36361019075946
52843184438191
160767221694
137986961789318
74684503823102
124443542884828
43303582598305
80550340589849
121304275631443
109657734995846
86299359009605
116021214530420
50842106047631
58649730510667
121595880205246
68305688959726
146983244217764
98150331296351
154218642993987
49458477333717
3724634061901
106687027042230
54051696385660
85597276555429
42258985211723
82568666792138
137689060210367
30895155471938
65572226641063
101331557836717
62428712420353
108549212478083
58173081947881
115121619290441
16392517943825
147706866192899
134548666374484
56336205437310
77107773244585
66249295227553
146630230377749
146273597334630
81641575014102
127610540956620
50463670084065
198674867948
54458292946895
97210552767352
1398673984948
102882795917714
78056979107603
14095796207053
9019811609814
133699716178964
112573018338031
155379907416589
23537099506227
77057016751625
97833601143531
123292793319215
112659708910791
87679196994294
132680419811001
105719462272746
27414549415464
117696305279366
151842555618804
119287097816250
14712106854520
72018596656134
101921165356485
151262077315597
4257007026183
131027851888814
48965714177099
87616059463649
81683164100703
119405588498315
114074090661346
149242815289612
150626323067115
51121225238728
135258340895950
21109767280301
82060700761091
76963854412895
146482055523742
147031624558170
60032101604208
53281492890003
85037140446093
64957073594047
57567785606915
161807850310502
151256755193465
148906741698860
27740266890289
161045321179584
13301361449581
130822709094263
60196992942503
135081978926705
12661369697460
157298817813159
111464276838269
110076606915668
7289291161946
140645525923821
3943790145453
3998547235975
138843011296692
137078387809496
7467738699521
82262939070503
139163336220636
2605270704374
13638143667454
61918177553030
41944345908089
68963187286259
124111008918563
10987192107734
30846311033173
60053824574052
94032133078752
92326422082686
48787913934156
79007379859081
69258323431928
72645747571018
118368682789386
58227488172268
74372266717294
32617892682267
89509187733732
49036648541771
155449523937045
143022038742335
57833237655543
73136559799867
53094656372105
134478747131919
39269630802000
96648161594056
152610764655007
100726047358603
1342639638394
46880053077741
14963757112246
105128909348535
4440794809475
67939582708655
74260199250323
5121696894895
50819228177624
8264149203911
149886351401000
61623077249985
22952696158050
157078631680771
72523141177082
18573336823045
35021280213535
116474371549636
64963525875057
7644260270643
133968094455399
51206250061584
72979950085599
105529346331529
106753820469896
135958439592560
28274159458629
136375394422430
9632567769446
50320765784663
76132887112604
127139040358892
94458762234765
47651040390298
155383433395380
66755315821788
110689711118513
93278805682355
152458311231414
103903598482274
16702313827899
161291003433066
71854040273457
15375270679363
59951278084459
149086653341298
123194997126201
150754150417048
102910666572022
104059128823125
101950785542345
4361068010176
96624607296300
25120730230144
16266968082319
43124641377241
140033309987063
53164608738184
36037575675342
134792127034633
77291259729419
26491339768805
16883197797983
82716589345983
130128300055711
31175045134297
26479444479191
60741468851588
96899730905001
111304623363482
100356938528835
131433305061872
118955654662014
97842461143979
57213115098718
11998124256043
75823970907679
38082832357941
30160270314873
4253160315039
86576252174932
10369894898095
76523790336502
10420090831365
22544008111344
40874048639743
124590949871404
7157832584543
38172836526682
108360627194050
145063713848921
23263459956703
128668484254189
79562322356034
92653341543885
25457250430015
54813053993801
43784272160911
105981978762964
121154802037350
57707125405743
57821766747354
106639464662533
15611964412262
108065106939337
50709970971635
95091554154330
155108329708333
51914434142746
67597892962748
107713175161667
108508838865689
11851822628589
3018746523284
67003179976148
66417437068097
74917524478496
111375556897310
102672810463079
84617123669969
46075638187435
121428690702744
82517487174219
148722787246140
3272828176158
59807844116507
132645224163824
145724409316663
137544048251580
144368403218706
93068269840388
63994554179642
105403310508280
92521859364277
54170718489430
29761612489805
73473865828844
92102956225896
151288401957317
92253908814690
81827255259606
118727392682467
70916299426359
25197394640005
159603461342710
2505154776508
121776506992798
119668926374060
47738345548761
44825810203603
130481383075062
72275084191742
39627143153854
51307569156122
81955670015531
4325282943337
94320530942387
17246625823483
39268833267445
133250928623602
129638764884063
54551773425534
79683922519979
76169815759905
144840621398495
88978986999852
66976936222781
87152148938168
130448076567778
83623669949232
32566932925469
73432747272612
25129225561228
26937138264846
30505180383325
91216252466349
37199925015108
152293886340009
1794969617039
9742061254456
41003017366677
107097770295140
34375000745006
70632007988731
61175838627939
154565806257705
34927461772025
137774138758593
67965205084695
25293892309002
96897684611828
92584367130052
53075197119860
100071518547476
134436050656265
162802765862481
8779218919544
144226969519297
15789375462520
77671627178971
156694581301326
30379565348354
26899315123215
51840020982506
87937206045601
59960492900897
640467298843
72463474706260
58008072109551
155844046715136
89681080999854
30868013398451
45009581159788
159354721518775
127149737021667
27494813055170
53673430795854
76265032428659
62798069469077
134661080231658
75268177484622
58492650024783
14692305251939
130841692840296
58277423888934
107487427994665
29322766085052
41706687285630
142223567112334
131195632610633
97699073599682
140011837780742
144199316917983
69697219038224
36922287746905
46297164740254
149267771404829
40594740668635
4140311249186
74789948787061
151714532855479
69902880372751
8260042600890
132180833374454
93624586009193
63670347980477
58552698052112
61134941865618
118784680778597
8091581195907
109540376361842
56205389927207
73068582253412
39930939696080
44879884705903
98271427382113
96089682082383
71677897943864
131275151363952
96494872797106
105096404476734
147066213738516
60999614535329
57172131352455
22171583450191
66860493303008
90514196868817
132865677976118
93985169806251
30616734126769
23572920363006
77541018534776
144334996598574
11974042373500
122164237889974
3564263939852
606759840774
113291595211454
146503404018716
32312784402154
73701597640178
103691554150965
36151630189597
23943772649129
157777277582535
42986625300291
31027593344182
4566458830801
51753266487911
140492793499321
109253691425171
72813894357369
28237117037298
93033978175684
93623707118202
126728455935814
75927513720491
121730446952717
120295332489169
143764745332040
62143717875215
140122408362050
149001281681207
24441962024373
133446411146125
117374052012234
135233493337177
155034349260287
72656578654976
79548735185379
47665003391631
70914249241227
14913814787609
80393177938456
40387392888251
8957394739978
63423916935270
50560925394787
76025073023422
64106632817120
57920581489756
118356207162616
115677027639767
18384060508248
77554549922384
95676537387911
144952808429477
108005574096922
31909783827723
89419174245332
10003463155203
71095171587309
157523030498820
102403791370509
71053674246155
155659115045570
71422788992803
62156257248020
49932372801767
65817966738889
20448409505032
122309475332314
126727881873371
3212929676235
70301007009671
98875893180269
152381659652486
130144083811012
74841295511477
108128998776731
153733948473609
49272921112866
62274070196228
14454588539182
138853712611355
45377546177401
119479014584116
53975259532231
52954252572233
18389109326538
27527223401371
145376029360724
115344041373208
23803287355522
53174231234895
127128815964432
111575197213889
111225532556422
159790880154383
9711479222420
79238932561472
139550766166195
51618895445808
161938135162026
37595996254251
20326596393570
156688500218647
10217255415395
3919385390941
66869027082116
143721501869532
160276914512295
125068450791829
39464583190319
110767476604092
21976240613469
91231623000079
101462206513842
61252390495646
656753897131
99834468077182
107097337066877
100123010836308
21652605477947
120940180002857
82404306585359
88732337817314
22472741995087
83411331367293
103693904487195
1674985457259
23826568110316
8924355055491
43179963765599
144194911761104
46453936082056
98030719521319
161229426454609
37033107792611
36737585228811
109444901479291
16095131188608
20369942875544
76660534969221
45286849387174
118871152051265
80269788637626
93212927221548
172306163496
69825084875913
85685620385100
89005834443893
108408819631746
149100348609977
45449140825447
51070694923418
21071695109396
48869159703017
152317016450918
7819534092759
68846231683169
57224994680666
1482696312239
79085173139328
59403506487128
62996064326105
153260159989870
127173569192212
147695944449144
5346391188115
66951244121390
147367746073779
14798022335576
69281088634010
146414570861110
69598606394209
145784869744476
108938629848153
21085746784491
101756986177318
69748984351069
115432282635304
96776508213204
127221370653489
109823601493723
155525703257198
99532116950451
17870165376442
38437546340596
113356959685197
53319608118541
78115894539244
97520826257864
61086899696717
149551313146368
116347840183619
103209431153607
60138570299154
6328067668274
88202822668742
113562773820919
84786242788065
123644922558670
67797257481536
34912625655604
151142730459936
130405620547925
2674432710148
48117598188314
22454274649856
54270483569563
107262522243744
128711455694933
143220150729735
31400435322924
148586687489427
92739652471516
148524003012367
91516756161285
64795943031761
72523255675484
52897357611312
2679968601067
11341249992376
26557596640796
128880072968109
39192710484057
66183702617631
35521100983228
100340742911967
31887553511882
73712564189209
157492068324134
107785474961707
107643627810183
27248731834929
160253132136159
38743460590004
84042386934237
149741065258550
40166115218699
79616427680340
154258598894941
20659778795814
30670324255815
8828075271326
34364555588032
141945660052238
86539574621816
34544751617426
12742463703282
97862402973416
120298404701644
3196576842954
130841012798144
127375547338578
133024178134935
46392152384620
128030958981827
59569023829210
138565224101788
33820954083000
68662281871318
117827269496036
83632976034840
28982421342421
98615874684806
97934785951308
43844273222899
79142415090956
42345428230984
47470638252584
23285952991155
144818197499357
120802618235732
142071486036856
88440199755271
129061693063849
18424038366774
8426356735424
54733027792453
24153097461662
153804473710994
26379747107311
113868012562405
12938734668604
85016187115072
80053391305558
39901491747273
52492367153853
79346400167581
103105308721787
64415958866082
18046339420427
83412150729654
85585096449447
63151231086710
138022252602992
128453490902723
40101150306135
53851033330608
113881418900560
50507790015348
55129864069059
2938032880573
150972960025276
91900375497930
147671444276542
8385297919043
121410212572512
13017863747208
27801856655143
95710641890418
19084933640981
74468691349709
113747295715554
66702105818703
86553100350996
24559020897737
23476305169739
114600736724851
125955271007072
128199305406113
15184576103231
44203906562403
68671301180451
133007648549572
121181162606535
106257136818982
156792108128045
16150481743026
119451568506555
52025160436846
3436805931023
98685954726234
71106778901277
113822106366834
14177341887367
1898154592364
152348604615066
92612379991184
125717952797840
10757906470335
142120310328634
89522568009953
84786196223063
56611349765291
129382431096867
129427342939018
91236682902867
94272784156533
152460289351942
30953509032034
142594117362674
93567015928800
160471332471429
52281912424685
147389995214397
65790751493744
99537652529540
31349613748516
147645943980688
37712847991599
61671850033529
78629561959384
77687711209181
20017317115642
155028936581226
14097963818306
59372149983485
117242162366886
69901774314011
144013868830034
117114223715031
156060586405120
59588164583773
114007912840345
10110674108572
71488572767064
133886832769648
27334808980087
127207050546775
113626253953896
22406598786388
152187667175506
137468666980522
132263729518392
38379861302943
117461340005700
105602726028068
2519306981384
75348813827054
35571049390100
90655445804314
56359151213720
80411442706381
23708269186229
106629031077116
118026219608284
493022181167
140237098753833
60345602741057
97416433384726
38537657844119
143740201832282
13355701049112
9774673443577
3358974913616
64484908822038
50259073135971
25167471762106
97483493812194
24471630605723
112655625843366
49387985509545
106143869852423
158367632297100
52244051479411
60444949273741
17205278590180
35134532619303
96494061993972
150685894158858
162138867867322
27961422028016
40450046333444
98537773282095
90412178801284
69698999314088
156301106208544
129888802962218
53975890798028
123595097765521
18103324539163
152442887773685
162642723736477
31714204334663
82154097172423
36528593936375
108016493586243
107940100706479
86844823005074
49523283045203
44083371261932
118968991017426
39356178047405
92233393905116
104790390254637
123259279963728
53614384251219
95805894780794
5397739176659
46018236492060
81298063086295
76427511159601
23601455601441
22160723550713
141460926222249
70397491644010
10748353041479
106770793880878
1343807656745
17951691321169
142908676341057
79700983916560
128544462515557
38416289345007
48219927681593
58016432417907
104890074342156
98669361407329
32040514017345
161251725207641
11489589120612
67786985360972
129402232989287
36028543154491
35740290260860
56934424318323
90491642036796
83381181480956
56910581268310
132335294532587
59448158029215
126665654847225
130840053444117
59290587404004
133400566380501
142126690386400
136170131574886
89826403941555
9099986747753
78513079012001
27768391274128
140584285454008
33757473223540
127125154668328
70141204069116
3721025630764
9191995514790
80514254467588
60847777963177
129833811836370
72814870484379
20775865912493
141582787725557
134016568121342
155343786054775
63298888839386
158166657505465
39998994205093
63232771715778
61305859897949
63101849644952
93702543952224
29569268519731
6743796685159
59127060327361
134543720836392
90483683495355
33456940221266
63620630519597
5187121234699
157242876893885
34558299087224
10396099912847
14500519237558
136725258444121
63373852690386
94514269732417
116664317575748
162346309912189
42841414939660
2741515561878
54998624380889
39483692183148
7030473068721
161227786977759
84118439076199
123351431721882
124304997910851
41318407719655
51005505762590
17916215565328
121408082511056
148501880901680
89109518341620
140285770399084
26532316824113
90959409556424
47108226531390
135376068300699
93213405751798
109072883012161
64011149604139
6257450203614
148840537733543
135875942857017
135983694722471
132137497788798
8597405264602
149626489541151
136373220299022
18416791579430
83298320478117
15360318675802
158495498598587
50100510475644
90423920861425
46636309239178
114445403850007
67675965198300
46770461074914
55700623499239
84895438806825
58146836106058
17167218605198
83888937146362
128601562588876
65076983748171
8870973405023
129041053690025
112941346686062
141800572506620
112239232015608
149123951815436
4116929083199
89268972857839
110021046516732
65821369679176
110142583659949
2459896957333
59643891675982
78499514438380
23605546089665
128523085524492
97342561759736
162717724404820
77859055789684
109707102550985
53761904330610
114360318033955
83105459672600
42128180314901
34510818022837
26249087022747
102237276012325
119935180972869
78236572621852
71728745744884
107678191951915
81376587042286
45702466404813
35581857272048
35706544397766
90414268821138
148552484002887
111033714801650
11800871550474
10089241634216
30753998867883
123516479071128
158889340411399
132535847813927
51988811122311
45166672911335
81050389957735
125542822581916
53381870425791
104912889246876
43856607701764
65058796380439
87732841756637
58932539326106
160828989639166
126901474663108
151985825786826
94460178775372
6768602428054
18216039814290
131970439213036
86994314085442
8411841629933
49555769944479
83326499794122
141868758726479
149745385440429
22975237309451
79227397346299
131354778820741
86591811255276
103528395362363
148069491966370
16855981655290
73994256039041
105022876426219
46144992980421
41614073332509
106394117187343
68841628686023
157209657779892
142067174156686
68124771847866
124556050774942
124698712129886
123484544727560
135563538573716
47942624022972
112731357977449
13235486452041
16837877455576
14752205781199
41726258159134
94682781111934
50149008910126
145995068689268
132582982139748
110200740825727
117095762427846
40574477055853
128687691597844
50861505890258
103333464455040
149348556372795
160167594990367
40606446849040
158359654002585
147856314118317
1799915489611
61859827486386
152618165086842
6816581768123
17030192456886
18858667951059
26634563356056
23738346852796
68623233638231
60155690448193
80075496610051
128846614641300
115548545937922
103330783788003
69989996533805
75215225177453
31768734889990
25826791610963
55630836787902
97986452043420
141463618895161
50488212070199
30773803983206
38568669936274
86367936182530
121379854612834
12966134584625
153527702255586
22131378170229
52616119364170
54776244563390
7918230441811
18796767249113
63161649413688
152832787357691
43945867998356
142543908226499
53696857247676
47229398381575
32896374584738
69098416273188
7678982559872
79448018761987
24718771499570
58859433013207
79605156038083
161851860670579
66462860615035
18101577592365
73077173558698
57521031570418
7210073940187
27882384435775
54625821172379
157638948243916
127518247568065
38655625675049
38725617593479
3242439792821
157987528940084
131508142272694
17752818531374
161443559961715
157961158965441
100997191585694
7280788259446
30989965640923
111113528687147
29296090049695
55176924646280
12951881020078
81624885439691
148501401815595
129138016917526
162468781486650
113065194154545
47928452962904
19230822665476
58356387037850
363691066065
134676706626390
74396685553705
161091602630693
35494276816392
27668523737612
94970795030009
45873620171689
147380647366385
75784308511280
148687383116472
29590769398924
48404449354568
1988042081390
151127033987386
47442259120293
52634195414765
128555393280132
2254697904246
65020130567641
64504747950709
38185274258049
79030102707017
155961977608259
6083519768446
45653856415246
31346563243818
93905120948474
105763179026861
145492925477030
62437586740382
23473351950589
7568445142299
33683930348713
126602861119310
65218916274367
109895304636175
114838930047237
82485213735599
3978303453929
70804244735866
2867725527810
61234648773348
162003601212062
50289250076099
78152428004743
21758155422934
121509834614433
127884192992541
66378049697465
4850846102662
40959453136078
5726225978712
147953139295663
146883760001396
106177965716583
28376666722331
91189766009808
98215904176805
67452223942502
99939097911980
7065565928286
138908703867800
79641599449945
116675833142873
27202735206805
65731712986480
29445570524680
143955949067644
144120846460120
15747055557022
106963355017731
96690836201895
60642565165112
83533240825437
146318952302446
33405479902210
65484255687019
150262432707525
93938389034331
86972760692534
64592789056678
40277614968239
111053035639684
111748898899153
148326570335499
15882518685777
22153700044574
117676949457626
133507369996247
67089404915620
113726756316005
58281098352644
154602411596420
95808022914620
143405045522548
153763818998674
2868869648429
20939801250757
103428545144701
130762091305839
133083588051136
5716125091569
94614182396218
135948107748145
147313406237559
15526757702118
110379119718396
78143628718462
151476126804904
102320514655026
123375543830287
23372260658276
156922316621810
135159848386026
118668143506922
136795053424319
79208696629593
21581111776630
66233716811595
24251786634855
127110981344778
131925110670263
146918493151291
150320225768554
157519240919876
25769070316449
153963356711312
29182014744339
22346402341903
53947954787506
108779451030806
146487251258532
72958812252955
160416283497771
45468726650928
126192602706846
114486876632215
32477113742095
128850810914287
6837524133511
123954167664769
23302202179316
1386925422296
93256182001377
48278320780125
70496620249349
104522170605955
156469054254122
15475494567609
20729653878837
22653891635927
53363449526254
23125558354759
55928375516656
63674196610450
107053383648117
158208027441159
107143123665705
65083285865854
48270038587174
62740286840001
80188583494291
127635462452777
51842143392778
35172724209833
10565310044432
67084486675113
59530938319390
121073269899467
22165623219698
148795533913764
78201129627276
4308795333945
157159627480958
42020579652481
101834235092013
30126632023734
126164510007700
80788884053016
68465860892463
75102556687137
86687677690504
151644968749318
143206322753739
41737182270315
48296173197927
81465936553954
45482684193197
106502571367822
142681656238617
28679935214778
60925477160559
4835553815738
138373222514617
156456188346277
87271019141971
58429799113344
42310983162470
99195686107800
147542092069753
85964122461514
76342214990760
14346608918536
3858441957964
12742817458241
68390779764205
93386320474838
130032063764774
18528232224167
62631514613917
59785120886294
155638621252008
110355541048543
4390140353277
88264735331198
5077127153046
157272135919647
47565637579166
83984868368178
19396896029829
79939669134896
54740671549346
45116562645204
136811843332931
75284054924966
162411749201944
18599113958338
50781395901261
19969805711394
80303770090753
71688442524609
111111289225966
120199493512050
37600045096786
119958797177394
34159314540949
2427450482285
55611310530884
4926598723262
125912870550035
46792098517802
121731349232098
101081269822714
66474744692808
87761170941457
23552268795870
5180091072355
93605395482553
79401760077756
85771664623033
116669974527288
61583540077259
45946444659629
97387124398358
77133445128978
12012824446139
126617621064988
151749757346849
134148808161269
130509632844063
60413344746148
114757326522622
47733238778653
98710650637459
10002357430769
106506528030282
156023364476112
35983616725259
6235381957272
25796876465861
32718781630097
52300787307069
161587014809462
109697673772421
84240508944961
2189144659192
41779373681149
53249432517624
130882811535065
83385547568144
117347008403649
139743889738678
137919110051749
144060158927425
110754566768697
123057410878671
47856493774275
140733353011542
122087675232661
142183514023298
154392415285068
97715310501592
154983225677358
128565995481566
55702154266687
4624470051048
114997960161493
81519474145357
131791892502472
129145713496375
88594927388235
76374718583263
110249477896005
30257130792131
114316219812129
132693693616920
85143916796418
106020462773434
146137314909974
160915094786314
146565290171905
162250095371410
115402160857334
6681189681674
141779467675162
106318760148388
83830619863191
92101802390583
162591233296587
128171380054459
58871910800615
21848695738311
19926017229542
72725965674051
61479632519352
5658305010826
81837118189253
66740990650779
106318533289781
65501530360193
51990657905576
22001547560213
130704076536565
51006246935648
109480397918020
57325467582645
157201411055467
127410989830870
52929812116642
22756488229971
65380419045257
137158897641042
147923043255907
69562760065348
100635111655208
153479152084782
51329614952069
145429689268213
123883121148923
75242312344889
74902277131708
69479004116125
20252610400549
154288166385485
18951465193777
8188492989033
61209519822215
81593287700663
28278982962813
42654734461351
12209900049108
130473625802975
57850969459934
151054526087203
86141449559883
49313921127526
59397419336182
107781796234113
119057046256171
90255025818419
69270000961547
12310810025410
162336665731167
53735191662015
53807962010374
38801189218512
134716598044119
113405229386760
148552465398532
7246239523237
69115925220114
81190340355330
13374649132344
29561429980468
53287640591421
130730920459628
54836476022949
11153091925103
21141237715556
11980127756037
142239736824795
117200731546961
11507883555402
155227537291168
162857108500199
107776607780326
79958394078839
44169431875994
112714302645017
59176800759195
113564796145907
37215393835617
117835154865111
38675337450124
70020885690596
63628654226897
25047332854108
28372861434275
119826410480096
104495219588530
21624587024600
158569559478054
123525762045757
138069671021293
26337387131802
112490381983179
94360570377757
62661740391837
39267889627152
77726858049832
139920835891691
161494619346326
103736046920604
122084185549533
2946252158133
14284796510446
121200628555233
32475167257308
54378806295719
8381371971531
96674305620184
110523300036264
60160807938756
97475689627181
5504702223031
40265348977297
120158906789172
12918194236552
102430877590909
108087567933275
81544527676049
1889283927179
42336555691431
126722403014044
146599263149506
111316982668736
79588115792286
81288009829682
154048212083293
81635090607172
60342874992532
83854832721077
31507471060337
46413218481434
12086981064783
17431825218118
87656583299839
36595859381830
145918953872298
2831843896252
125501468709979
109746657327441
111766442561700
141757511906029
33701566494435
28959556125581
81624322426471
118748853089741
75124274257241
115448894664360
135355801146177
30091098781493
157022744150995
85275163430724
35386179857914
65938943657515
46084879951247
103735822944107
42533517012372
72440406669948
150967935151551
92188113238202
155506258916772
79322025466658
76659140066754
1676617595877
14350595962574
149362734916380
128705165821725
7192986128832
87234579252301
107935557065448
32878479306628
66404383385130
4126427994291
13351314026346
97939201928058
123453746631209
48556801116986
41585663562367
10443453425402
105695565488425
40560403114681
119049319004605
43191543987832
151262401298028
34251917004712
20759306238240
151494104592653
94234121237407
78483146910263
80148447556091
53322657312693
115415000222410
34211711139356
115417818187318
55098234693565
134370332288910
118427301818515
80550119500880
114165380934339
162572104359345
159199732949931
59281522063838
152406106631046
155330509601315
33017140541197
37906874535957
52759502371088
40253760434396
11220743884289
125571760672902
9411858512752
96303931801797
145105078564482
48524016423201
37033636954555
32187686945928
10054307216538
25611418251219
90530549392709
131646006543995
129837964275544
74223305384516
151688352696344
100517869836958
106556494100957
92170313292942
112008842958983
144135852525313
68771754824074
16592153621642
5532094732563
3936288486078
20855183610551
126115693933189
101383130277689
162271321888968
130979084203030
162096582621955
34479274340469
79930143905190
45912833510992
159033066425678
57077457190776
109824623437455
160415328984332
103771091323120
9849065001420
35175129301268
72874969038713
135729904016373
13648351178276
117548984701064
159798194776582
43429549319146
139291684435636
80575432927497
150415515647076
65939335583005
48721499402875
42488487620463
112040691693549
94431892889892
134409323759697
117931948314443
97687944485385
44228338168655
64497900658862
141979827986894
93796579725477
52864124101241
111849749903348
5723410136694
113553243382857
103591286247599
15614347714300
138864034185196
36136786273522
138566994874688
5678684345008
70217287786180
68312242397379
38432910730903
22851368959811
81062052910393
137988564571830
59703865166529
37309529474608
79801238175991
12584968526357
9146502351555
127138546305942
157291904099210
80798153597733
62950663792026
2041416301214
87421413789404
142383239822134
67785145429182
134310148557411
93599764387987
14967603782469
51717051502441
81496214818067
76284224269455
40612124631045
24277439106004
112039440488213
65581350309624
23363704860059
105393299615363
91440498660870
36848586832504
142549469616323
127867439887614
8868631649376
120316763330813
37699210524256
153682286907618
149981038140329
2459716115373
57045372535222
87567157262454
79091862259711
42038208423250
13629485728528
660654799801
61102648231299
71146128720655
100450315752120
36935876510609
52647087939137
31116286367113
151918447853693
119942965861149
143370415775198
141856817499003
66731149478200
117024301062198
36345356205715
60272685274657
47973513920129
99186670869524
23811467617002
13629744006673
124714220335607
44981132632040
49558391301536
37281328294922
83445038961082
154304893220738
153247805654087
79302462137564
14152215373002
52188315292132
73756727826732
159381023652611
79096074867738
69543753747509
94789333721097
32098368743667
1319230159320
3523807187639
150366273872196
55298554337764
68652294318643
28108748933175
104325401811060
133352703468520
132622290084711
83514100124091
135590175280901
93884301536408
143296076248112
104362505587441
48991328106875
5307356996518
23231653748302
18195798034715
105127246520529
17570957158255
18716474429882
25819402752688
85811760668902
93983398842580
45352423807542
4550947573936
73279956650531
118594877692543
150557029963423
106529510263859
103350692823799
154623584172240
32447843248726
99065650324875
25964686700908
128503232435251
158817109226477
33675142254953
77294297682568
162749104415912
121444183468777
101004920702396
46390902931620
2476164192784
151005044370202
64882847860888
142346567353521
136738745400824
118209672052384
122056552732861
47649796149470
89505041176303
104790345447205
52891324418878
14393644612204
50299868957462
125770904220160
4690688591742
10243327438885
154734174376176
148210698032944
40879677553586
159011496239745
9739764963509
117630897184401
125062655218310
141669142078336
90728972068873
126944940257749
666810195037
36101513142765
94190054039839
25230641930314
146818398313564
157184279843890
140594269237014
59102465701091
86493311240403
113977373837628
113283727808399
109721947422620
105232475189483
89518211626161
149084621166548
64984890943569
10324317837199
66956529387013
53607131371103
155919866805883
95075753806509
133656003576344
104892825495135
84900769059016
134853749639034
95466215352010
5126014298111
141071800183488
80304312780594
15654593242483
102421824931888
29254151374762
11245733477612
139989929658506
124319103323112
1253024287802
105162748938078
119559721705274
45761638133771
74026080818398
35513319245809
105278098248478
36618712283236
51666448301240
401561764753
103879920427733
51593679316642
106438978801934
150148397715851
77286013742706
78460275843323
59727612774803
142709949625861
12432341171341
117388550904099
101713941483165
33646508805352
1496223248477
80923254250096
129461585604459
71248710510614
97613174924924
124415304960784
43168522454121
42034690888295
156231058850128
43934372034706
126147941334948
75861044192528
69662597363541
118861241152304
89353715809917
126666893187895
84354550925563
145012652011507
94293041771058
9990901951680
43614774945005
143591379664943
113045789979096
12984721145777
71178330227739
76274118177018
119043990149297
128679556698065
123230810942493
137286143950946
54749290992569
143615914083739
159603964671745
46608677855854
155810563337221
91949617275638
69451472218870
121171648326634
23596654636257
28098435433116
29857371209465
16146109070377
149317466725937
145747927076633
156259472974001
89442744871199
141169798441038
12976353738158
113279795797346
2727223140392
13036031027886
56458914740124
113831966924667
126509018946251
154864738729678
78950945908641
59430804922331
22108704680075
3134922413191
124970965457425
136129526175261
52303906471631
133282340060060
138626882103349
136823195566503
41932810270822
26986097426254
61554802548887
38403060447722
140099605305130
2252008172491
74278293435909
49942442660388
109823114405477
134535214229258
78410194289808
94399491297632
28771656890962
21056409975317
141107350615292
132559436321389
158937906436241
72356656689588
123636412958073
91653193298304
56894395408373
100175718433753
23345679599486
14652921292264
122424780440999
48923304384122
142403776510899
16090840336237
38559799996165
76074197825104
50374472853478
74683689652418
26791307199745
37156800818669
89124352845692
7249809971167
81551921414204
148607265833010
77664869131679
137678184154143
60340372625306
14521406204950
52550648589920
2944516086258
95379421678799
28131569354121
1722760198498
95226982384906
1813856690047
158464801067017
134614115657008
129151100492630
52689048602325
19234964094620
140599651575101
143070102017247
68699925661971
161111495641371
37610665754110
140248094797772
112774449138812
92253465644535
144914842328708
149865878017939
50722107197450
140004851582771
113988347844001
49595061782299
99305606455934
54346909338496
64159453775896
77337729599065
139775871064924
42435012996060
59022925268349
134427794221922
55607419434609
135895097962569
76703718002510
28782011871684
73504582292710
31769284013979
73587438695492
152837457307939
137937162830823
70664345453443
94191218142202
2469136080460
144132951951814
78018298800783
92978039766544
67902549398455
152643256781215
26077215249535
137601198216303
42327532894720
78486481717448
35649827225533
141445141924636
58013689491738
106476580739990
70894060769418
33778766112264
2513420789945
119202886814392
13715011442786
65115417698749
121004034490428
88112243891417
37152266761890
4873055361493
81388000897810
138994874853720
70360219529928
86244545073405
103158047292185
39025745075664
83064282692753
101883326980836
51559915926438
66030806042541
286381581642
44713289439908
64092834137213
161966689426737
1999173188304
139431242241779
14042987979660
5750010948705
77406050735512
145572951410740
91433486715971
72339092515444
90754248424264
104045995711248
82297998463078
89677088432793
95787146760735
3039348705818
35944969302169
40648005594677
67833314262022
28183904959763
82453388858699
64339256263896
111011007994743
113303194803707
130359101323267
81976898469629
4650266947017
58578141371285
113919549033513
142841978101003
127372091357378
130313634314867
49848048995078
25279725113208
125665183603335
117074426249873
15788643873586
46943043369873
74330744030068
93434432210022
131040715776602
29016973939533
105629195961511
64853416297199
1277464105034
84991486824456
159520790805885
93453317616273
98265627710035
102581320176978
8242951549647
67746955669900
69813377030324
35636150876385
24356609577018
31153812514549
86690696953285
67969430392181
92828333602744
82507592455298
15025649127017
113107938357436
146706586553413
38695364268130
75174958853573
153610266362603
43135266171223
77055519605653
109585223736974
131259618513128
43001994549956
103120520645353
53568700973998
29320848708632
100437596028111
120928966662656
134430184344209
43943252709451
92548131797318
87965673574206
76334718381860
155544445553709
128757865336034
67351006024122
78803936376018
119983067383567
1444574955552
17534346638736
12473244407178
118433498507278
64593032952998
46152039523865
67318156076288
72506358176769
86571682827930
92418322279878
125517952207216
91435052809634
3229872767597
135670704274497
43754923646682
43556487092255
126719555712432
99502954785140
128805012263661
4446939339671
106277799737136
161204624662975
128830388709861
40604788718566
79205246240780
78235328493075
109458863743189
77660130364180
156874152287213
90349650193476
36682546328564
113310610062757
117018363653402
81842308757280
103110861289212
6401309394464
147032274579082
108135103293379
34234723819535
67273332272176
62083022109676
155047860670987
82720819844300
93367191020062
16383694330493
50456772194375
64278350729819
134484748893298
149151287186148
107209936281622
15960204786499
48094739446097
131271258839418
62189327218516
119664856424030
44495105636340
142727435048174
103094382273334
98132383075693
146715814194409
64888225962665
86643935114310
75999551188140
104569099753094
51262085032735
75031633230040
121284368008332
160153287370979
88815279071670
43443039138942
134652121668271
103241390716938
122837993044071
97503871489028
121833762880686
139079603184169
102242015712422
101259035110597
86335316298077
47027946574533
55334322124285
29200720560923
86647992914984
69480175929590
124425349898231
78504022728854
79948302036963
118732028356217
128256202709475
58277358027450
69622428258760
119034975881315
146559990458574
138595079997520
93249338535641
89027071329865
81305678712539
105825103949904
60862853930768
28921946309086
81097399855270
67034729968911
73630555969914
61110632541884
6967195940272
48266720189763
65663148096706
40307311199765
17169930117075
44496010554239
1433373483938
137084942231144
14618467877321
75197482802945
39807103901888
30138852428325
110511987789568
121751782512087
8579719956769
137324694928612
131264628030113
106645943207758
155493957853239
72213742343328
3506996095714
14461308463531
136878160082705
54529426797858
101104790064548
113282971985651
78969171290920
150472363093236
82358338832219
136868882836838
31471307600110
151688140982205
120731008417086
78783432635355
102174828598410
153464612410399
94617983677660
100609357105766
148058201452308
78963960595805
29306634148265
47529391582264
14218255344630
51524788284904
71813916201119
115726910925955
23488345984171
70945726782591
137528907097453
106358413664920
55206356714972
14217033805647
86723478728882
93470795158833
11329793607266
2647555569564
32851067591215
38967110408802
52304284483244
27364237344863
127673137655763
95109704909144
91431985103742
75960153547595
10354417887156
126484798579275
120117053616536
123050346110936
104409248139903
48835037032496
108577686096609
123776217381424
120229078074634
19207116007406
48806087943321
51716485424780
154119005108584
111883645458268
21130183846473
98999095896039
103880976048988
149350689112630
26020211640642
63949824764662
149962044737358
98000262911027
153299673690535
56425485692408
117516139715258
123984293885692
20520976878887
72486306762853
81683271314067
67135956042758
20862727396575
61616574635592
131803887257237
17945653477344
5953739675833
3035236461808
91065695253716
37367259339935
62172303693513
75865009826649
112717116965122
73206179830414
142815153890757
10951494393682
120057738269796
94293192632037
115543582411068
156138680126866
79844309325050
61899827016246
158997062282048
13012146528648
58105749791115
24910842592186
35752047447962
10489973143233
158278443797767
4918833900564
21539659438930
96907765434727
79925412092529
83406926971311
41103372322152
104124480944530
61975484817340
19224075431547
74417614181
105714832908885
35697891802604
127903863916627
21584958103684
70141715297832
26447946528293
44259357464595
34101630913928
87136658797045
44773724177465
19419056557693
145953578215544
100400166569073
48689201648160
121604640108949
85525077980891
95476667054761
162325552889517
153237891778172
8884497252258
110010661832330
65727715846730
34876101105088
38883948099300
113514054082090
123104938568594
110208325789819
80534535635163
131596495791795
160979480717613
84923963009251
3045863429618
100013881457493
81891182073887
151232212527914
25431544173248
136270283052946
106730715109163
104581228100579
139943413468658
21205536375925
115206969136029
78206979121797
31046103347029
132140620597743
96122513451666
3039943321579
30285291938305
119467723907611
103752838261573
119472507666313
31444596460579
11562047929538
109001454679697
137793657887461
145326531866685
120093950049142
123367664891361
100717538749933
75565717884822
28049573777705
1368610707453
55289058872777
8342749007373
79666114003847
40363178068555
156252976597909
8422449239436
117982549626225
142406870195249
80052952525603
69299689539617
103007721730140
6370171821402
65001872034054
48874502096553
113530432358628
109144641899456
118740601533580
25751014164738
150498271727991
89324305399254
8849604485500
105381023258431
52967595467769
15987171983183
157241157891612
27361227508240
37822635674046
9305958411148
124844996536122
98071824639445
30201917625622
32806183254969
157436880614022
50375666603819
144808801617049
38757847695676
117182245461344
17853230581810
86889670594527
27493631304478
86928446878874
119243726202397
67368048173404
11708803730248
39487985898034
151397295704518
67936175299033
72140016120937
31349587014008
48310722208427
50489772058199
128324727148571
80793328006474
99887076080620
93235102534280
144089878967981
140023216446189
44186725567964
127101022218223
31855416461389
109146240389931
51730881637395
129326264842027
13491034461397
92521921710495
115979918966089
78670837737651
26613488776062
103073374975896
82019652314157
14054985483275
79250211163897
30380119477053
15570568761725
159392749680708
129642464813941
108479337720361
56578711082655
120016683889297
12679350089059
57012804971907
32836464211810
101287278636187
58476931632359
23979032684310
45109553059084
40881787065416
26697340965850
20066189499113
73486989380338
142420722418217
64145659424224
125177112572885
9880374244770
112537488070544
151849744378472
70263471622328
124546363243576
123770138524492
99836422892829
92604514713566
95419120770413
141068692219831
6022498082095
7065838765520
46216350092682
81923313238905
158217291407836
40085456384500
101383721185749
97711497200175
13959972345800
128092321867179
22126510597350
6401434340796
126376271594362
129561293311343
35833655993231
141093382136184
47144857401414
31562826142270
59456242523822
77941037239078
64623745738870
50194275853570
155429797067439
82655409515758
12302380345041
111678738613071
100382990363151
146069727693051
151869490004042
117031960431430
80313865008349
93720962940689
74266998233956
94421795812990
145062912768402
37008820464331
114064298440477
24175237633695
57768779236498
41281440648755
9546694187782
110462704941157
144750725374550
137877063633880
124486126661901
135695439365931
152042115676467
12666814706436
149114967529210
15361111852765
93188322543591
30741410274713
123458671962787
66652605229956
53723433174447
83762007816600
66032613820103
110627975379083
76011499205784
101545352715608
94670032825051
47975198487852
40188730000389
33382648235732
51919003427694
2533805333201
48561672517544
80483951899375
388738392285
25645868598213
43942341924451
14492393710616
154111943862498
94899817718848
144414236188375
24134603689612
62585731748199
5302320297658
162535535367724
161245607262088
9808224347454
67812375878943
64325073862716
66001013597135
74023118156247
4423753882868
143725897325185
155041342865289
156445243281549
88183763402294
83261353443132
79611479282860
100239990275065
15812045067187
39224010187341
149177339106344
39044338472994
116697711619488
57701809511274
33553091714798
78114455297144
98038454016798
119363431144117
47779882306921
24425440447077
62944528144311
45724902387505
122409044705344
37727654611537
47667421558410
103896305955946
141684258624214
109820014236855
41139372443591
104351617775668
113210689440249
22433226380707
111724188349690
133044903059751
160270737103927
146481607759489
49781251947457
100578300718468
38070565346405
86319884717124
85645834992278
52477763818349
31580440728892
88673479201282
129237804207796
77741121313314
10804650710029
77236235346807
54126335731393
111412102642833
89034914899412
58988188929561
23243786050899
96094904914049
136139970520974
74656110384122
82622006761575
131210512206577
120389412261837
153805130226616
109310406251856
46556033183648
140867294793266
21172908908332
51636366168623
160860545130942
153395879261106
99599032655649
60099392260523
150051703230998
88008805327403
145724025801920
33885980178895
59414922373647
75410585750283
100564957115165
158562087432741
158595662035275
97244117159181
61954197312742
108701671406522
84695954530317
19593238888840
62510687272264
44991131144488
127794841041428
94631251597444
52303808935467
18574938760997
90073255781341
154389839629821
94837781709759
128198766829961
16046891014605
50191824477500
88263212500976
89466859811856
127943115952811
94894382554638
104091863220989
120512581481996
3794266739984
157263420333537
120863455089052
63747743920490
75704286525074
154197970751721
47244361127709
92484433611969
155030106478377
45632319152615
159027210010590
78480923066530
113062195727265
137455863729922
109232685457914
6002114294658
37606656532068
126444465312980
35009463456458
157234210072645
48121863524654
9718050078123
105084959354368
85085322870235
8469332931850
116335257435595
13160176419098
51932528801099
95766767738142
147992371703314
116929025258551
25220338992223
149023573305039
48675078292149
76257363869870
147581115051244
113993975133175
27274213904096
15317400694486
152939697468636
158765265554677
101443331290234
99347770113441
49021226827522
100266423332027
147359350402728
98447965104419
12545638737652
50312115523891
60076541528580
2577890072864
107468323239642
99617265629633
157960104210310
138585212881215
51278530562824
28629925651755
155636296665806
121113857963687
112189809425096
114711291861148
7241462265227
1775640123089
161583860375494
46348718576681
80184850411864
118689833562344
129204783748025
72975479116050
102676528800044
64434310527213
26469141146964
34141943192823
68525494614889
150465402880323
97900962895784
72497510297478
140202627303052
31001774835592
24421912280718
25366164262196
81339415505842
140268415169237
52992888105837
139092820064313
71538544890737
46456249416606
28258930862725
153241763354402
82934927259167
60595856303865
127638975710094
101170189270704
86838703983205
79766009384961
53212393228265
61813752330952
118349503352428
133880895820896
91161514689604
56432238038370
45585935810505
159272825579394
34858959050923
98247275103691
161590145632794
34417714233251
67616271641020
119197288161085
130887207515758
96368023124353
70047474141359
18634461937286
119107800034627
156913823185757
100334496740016
71136095054030
4887555577014
83281344889942
24751467528160
41277799228437
145230824868752
49960330773748
53549501646237
77116801637719
97915629130237
105787101010892
24253462869253
19749707811344
3582247686281
151207480917626
9353103585789
65294481195212
98790663750688
109082363864134
141705045146343
156998787048043
36715997245362
64383029203252
50998683201115
10715710238788
129439690618114
94752321506383
157054979828643
112938560348773
85570874841380
151384333977153
28647501997918
95905026414520
152553877747886
20884959234056
24382708428105
136899517076419
57583256563401
98480329049344
47843198545841
132116168629983
69360015756567
70900915266882
103031841551037
102683811879464
22931719870845
71172079246896
69138856398339
33370625354622
87042456098997
84728468733070
122873976876265
115917653254486
90431998365475
161402720907787
10179144126226
67622110039356
49382945386225
134873293386658
65154977657707
60377041955449
35632558372729
99789083177062
127993205051358
148527738943340
75323850309826
94968367074465
70603133658919
96773206555020
158073398282865
112690418903205
110982819488721
83668228685211
151794614902337
10600275610547
27761740919939
142347563514620
67118734647404
120894030795726
152717974133849
52605668484298
133053225947785
125795657062242
16445697914449
148911393566635
15188201161520
14551193496829
132699465261740
7435172068659
157480522506871
22454432264409
60942680730983
5851690288041
28515756180935
96719449823738
142805982011084
3090141374641
123550531784731
156418207204127
127393713692974
144083791256546
101109931138063
155827871099080
53178453371283
10346369157870
38052213394298
17105833435139
35687613823126
155177992818197
108942959438779
157868491368792
77654468968143
118429320720582
113883124600660
93260599412922
139765427579003
1852520226145
121102510734151
65742515099810
106651305466866
162369599533168
49873452719199
98345540611110
125199764805222
119515527905252
53384694226360
111010642368220
30017502088811
116560087543375
86444686811451
104392625772635
139847232945049
7674973442094
126333404523832
44929475345962
138417827008775
90329098509141
90950052740619
60550435319548
99115009769361
2233332240670
109842140963089
2491982573388
100704470096607
67576570465044
71489997212753
47325342379369
79340569168103
99955489313780
92228042488986
58036950542867
158602603301971
117133215149732
6312451856993
48193559354200
87096570872825
69751923969000
91446731853709
27573788843155
6061503864436
22121422622723
71162179087653
22126048846661
2747350996099
42574627243754
103595930224171
72164839947385
136091925583458
125644558271250
106659490112544
118351559352613
69351977286886
83291578949043
115124184016687
124524795508152
83951627027428
155808751353243
162661168699921
89388780513794
69554036043785
74466925755624
60309025284002
137104257557103
89611386895103
79090442543741
162684496198944
63646017724080
130766140446906
35069262089983
48732500612940
159367427775019
25413621306009
156172648412397
133956652992609
80791986426250
125414278723227
129150878273699
72868093391105
44533741859062
150877410461081
100809274477799
29418785383055
47720658535295
87647435901800
142304091872928
84505509858028
14690108449032
110004861563854
27507818931272
17743400760306
63341758850720
154924511068908
139448819360254
12966715009139
96801358498214
97382628970743
139096453564574
17440765892348
60143538169661
63219771991094
34148891995980
68228081222757
106135239509771
99512789279762
36009279392327
154022859487820
79660019827075
105631425659331
76901919200159
51196573466773
118952641551769
78366906521566
62786590088611
104685217279186
58818541190390
20870605557043
112136278178340
106203819153221
55618368120825
7418183700753
132283797394660
63696736690037
133555066445435
47681086838432
30567201605771
4844515330522
97044815476423
34762776482854
33209323791140
128404323665575
92488999806720
88174817950618
3783840450721
74927203757208
51122204372414
99269174358042
130745627498776
84515958242541
101918950970900
143323495937491
82766380828318
59464609789663
154277233291658
60874326261265
57512107019724
5039544318018
81097404553942
102438535394333
27329868275644
64239074524203
68815391433177
78562241560817
34297951919674
16217931978730
109236512914112
24339045035894
31571236066228
75796194990337
24916886615912
134292196373481
8871698835795
93532877555420
69718505260744
160835427113370
161247298406058
32925958525163
74705969578802
127248873392219
80823294984167
14446019245762
117374034464927
97631761043569
46954382879563
58756957152607
71728274423742
108214576869147
43117600198239
73806969951410
83456191478485
111741629792951
89446745515760
15000324884388
83226486093780
162170378295611
102641068007210
3018512994738
52111947644497
130172109573060
153671598295000
107804917304577
2104374482724
119110159711209
112888831874068
148100755859369
26986123371119
122907380217357
72582335385530
161982899149923
56831838737255
32767013801614
88601313857126
6075384979701
59576665000646
2191617681000
160224713316526
66515487314535
138062108229566
93181004108629
14891730404669
50413270131424
159624274454199
52996719908879
85855620394481
60553133685313
53331947643659
135501117186470
76309425604991
151724019329846
29264353276843
162373959348152
59403740614154
145097445171808
38954568179078
140361024905570
148058845029574
12687416594839
85674039598313
100930573497223
28197830325166
30111588049690
109212272895175
142929768779597
23918886157001
112768484432057
85023182217240
99795360609277
86257728157387
45440067741007
29765465467537
132546660511787
17826403375996
157156091675337
12757819959960
29712199563696
22141282787255
47555109534490
161915408250659
57873249113984
106916484081399
117806870932281
98540959379194
98671699640434
50123368076476
98741928640454
124438798651065
117746914643051
114719316643070
77367091881058
125448639195063
31994217344780
128952940055292
128614563789512
127785675125128
68926849133330
101531566812559
153814551906404
36664760654133
141102194015157
119641402642927
98265703925731
95700001384269
58012502002093
15999323042155
150907392442941
14156714462780
128835838812360
151133455822655
10970662712208
156668304821710
43304852529450
50483367042282
79580217511416
123961199024798
35829424011638
75308042232216
59409475266201
96086777688183
120636858253873
60976921664495
157832121568568
36590307805617
49254720233403
1380705478726
25989362784369
94112693597947
127418599417717
162181048675
26530548321470
71329245984449
65310004627371
102902088906598
21268444447599
156345588564713
27011885063232
157897740083245
48244594315209
136603954144169
84269139508171
121512311907580
42311047864550
102582527740104
9436961137402
85175960629069
45404832483626
143145103733862
131390318791906
162824252389309
87782483432038
29030333986920
41840895541537
12433461224751
149507669349589
83364850349333
72360488139954
89025320581911
134066050854707
132927888942201
106789098744468
79594244060085
95931361890887
159889292886114
22363160591179
129946493753137
81459732836543
129658207453097
46302986341533
108174338496826
9246333523148
129998629462929
40541554013500
161601947693737
49269482737366
30533879307185
62047362884456
81810030886354
41445805744901
79393342569707
150424294715331
79670051202633
97188265159494
161516222946612
148002827641649
132983305495955
20137025749730
28819742556573
150859364803234
47626631363520
27010795964680
19655777248794
12599624924834
35143764746303
41117647431603
59509184873306
125384150382547
5033330878686
99807600486939
45501561805806
136612621625522
18894764285690
128688452299719
23641996766480
24509145446226
54004723442972
48841680221221
36513065161147
75549699988185
82442723501277
71577246475135
104852530844123
143645744813444
7344620157148
15375037736166
154761087016630
146573018449136
40576168197633
71553352128939
6231605143337
148314258306024
104350593559928
26309432032034
22371668698989
36894003785432
152710036732585
31023666925991
59389141104733
148370261341376
58024859816857
34239114759991
82896940239602
110267720870413
127723180342564
58097387707415
117894522132454
91419054730995
49103764824129
75633803940460
21871426027263
61189987458582
7526111195715
36055665583279
48966944834192
47621208365449
19689340054114
85494539000575
16630335393193
62725453073465
75446892098162
129582345513041
95775744419908
12370514891023
130898834193928
58571606167877
123606457957246
34510912146374
121658655020020
144547255227414
9759446240191
77183400005655
45306875616127
61247992105720
101158521410133
1506965173525
95094108684956
73024105682292
28822396603949
99232805365071
64629940889773
116070668201003
20027842945880
34127222185225
123332284458573
28322841114916
17519671865777
76413194474615
38108381241850
99800974181278
87946798445267
126944832897584
107170437729477
31033596248018
28942202913697
65213506751130
43824181153340
132620529689303
69665165141984
142895992307968
119192814167639
24826446623740
75150706048573
7600156669007
85041759617491
58128640354481
155391089559135
90895401866087
107746767806145
84836244731933
112877883751720
149754660614427
59505004712554
137919387966765
14658530353656
135994735942452
57520555610788
17993661184569
6298692610430
161986315853531
140801454663356
2841507277875
13222750069386
9786594248211
162595639068579
113432021857798
149638525834241
8597999293318
38188668371356
51899688030232
134263091869875
122790074003916
58483647627774
6921996172586
117864202519360
109920621300688
78362786642122
125650554502138
98561683517473
85913590213542
20777749173108
7719852309200
30350031030634
2294623599011
9178159355752
28621498358532
69881416784544
72474286178424
155685182446948
64448951334551
115294650332802
68892234677720
38714471790249
155536370002735
100478070862070
145438225364225
85600516535244
55490304668522
15743000340277
149294086784978
100678216666058
16573156273089
120577279817322
156693622240221
123359751045830
8346387670231
113627145076221
17637383057470
94741645064749
109831334832187
52384122282082
77150241946213
51099631189802
61883104433289
122577400412153
88306353370547
31660348472661
112162780379459
45588894409883
27040096630670
76942298342319
31859959067396
10531652364509
15601665765949
158185346182840
126886341437600
112541458882686
78161361182139
125207547318478
130456939368287
137593576499653
24400260276806
41914306990819
63611093722927
120239081108618
156593001021105
4280501778705
90521389349588
35783286695623
120627899639348
1933735554465
151141883364239
114203119177788
84550041441007
71894690825350
141507788516316
77879331192042
5652420730238
149361128574340
152896206977182
148358753684261
159965166268277
87940837974408
147764840248948
25936787728380
29292720322842
7587421102781
72634509726163
16681517739236
19511979552240
99358756017737
116266471898841
87137119925040
112209811988998
24843516973307
53184839861302
80080207636874
147470618971625
4521704590421
140573474860116
90853584260517
29864107542613
98422975996951
81988418312785
126689486228951
113774376231694
26137082067228
66418358713256
24203967708888
107244477926972
68308398555453
96348495847444
50428679911151
47826711550736
22287628180084
26983036683219
20537951390969
146566698124953
130389397734975
65037444319589
62234538915790
49084571886462
9478273732806
134752065380757
133157023309408
52185104504389
50620796264700
27463002098733
47061315865430
127074269274442
94208843804164
118433604277952
40740880899676
17970801998744
38574683692052
117341956008341
127105545496125
137168187570330
126349770185398
90042661656224
23609003853899
73661817705931
113754409972990
16753672376593
88780487431033
122792473834415
65033902475131
142257702308082
11801028874536
98008045199423
15388347464771
31788299652431
91382027816242
135386169928272
132826854762459
30298395181736
122538446354258
46404735989483
93224521886330
17421767658309
16733775122693
12887172240262
47196484822968
82924855507481
153107859165804
41300856646109
68550579854041
146715172080359
17837477794453
79786854227175
5176625657125
98944663986740
145104351161873
92928920709396
126609058887359
85863154398674
100429753228240
24531268007024
27369200266646
22499262929815
96457664045546
23442649572775
79925374170901
2591554304463
118912030548116
121020014811083
117437036300407
126037892022993
145645906512248
54808274997251
30065626922969
4065223391815
44857215629551
8369530694219
135302978080217
75120189769142
50292234841373
49939279239457
64163344775833
59809103874149
19470464478942
86679647984448
66733624806172
95296185849882
106912302418058
52213293118206
143375419144420
131203611407143
76764921884064
2910763074914
142918087413345
47151716894020
10514182897523
103434154732106
91010956045998
56853719618822
68552595052381
49618361255477
27347427999568
18527366659040
142408098177308
4811849885320
159080579963157
44844433660477
116128177443942
70429510850666
64207081770981
28575878887591
96564147821738
81435652674872
33961946601036
63119787972721
21616536403935
122056671962641
61006708273013
9975011588419
7328759668630
52591553430260
158465127044380
23349898299290
47412516731091
67293776611287
140856652525595
140232730336288
75928213761258
154012980377419
42187662586102
8645404860860
111403339749948
148394206949585
57965932703306
109590311139695
64430690579980
126439849503338
50791737802820
151521886968440
106201996394003
78167673088398
67654926931360
121094700170129
44519514534797
158695921290296
60366963316996
14005972934974
151563363561909
20449694713235
86519628919342
14540892817124
35413226021828
15604933525533
105649330884310
145620747684334
89255930668594
127917054301436
144731944104962
8640386154168
53001750943929
90091839539715
86129385976948
159554534838030
62538105895782
101819837341734
72785968145677
91421865046867
20920163691103
122464073672011
148533626362712
145140503008067
81770887654076
150102703563897
144137664580112
49802955622522
147195422124896
97878545982497
31659544298964
121231855053767
13358929790711
65697532289188
162324446933648
77586238295175
142043767589532
42062670453100
135434524945542
158568098166907
151382882513581
79933792232228
11524621985933
139395617991712
101454073137211
40052316786792
119077893340018
54183588613464
97031054657960
65347849124175
137180632275392
40694420540693
55632139922103
151200044268105
140684651431712
40573237367068
150789532066545
120260490442700
89015435700164
45757271393500
114391605681747
18885383920212
125121725351868
88820645558567
156805417474544
153475044397562
3521336021448
72629442913478
149871254266125
70694181357431
3152320396185
103256858722510
36733597259330
70344490804683
67251021154582
78171141190586
151373488416294
79235597452231
33516265492216
160281017624708
91339398969757
67144932376789
24390955656437
7060232782875
143825538623397
50542519606697
127219722004927
133195236875763
26838280552697
108844315137653
85885176830809
30313171236619
42283281517035
107012671003114
30224983618752
71766979508446
114258731050476
118087462080097
90224920386693
98126312462682
147665907107713
25245682475923
158989914342434
45494939764660
153450749879841
85013267175740
92951186076886
60643002620222
96753327641773
134417301278334
144486903178932
15035323974471
161779773350987
66544858271081
30936215570151
48690148069817
149680465124673
103312880349444
62647244980273
155506615824484
152817467486253
129263338047343
87131623662233
75285042469414
161178972718017
46007505551453
10352327759697
103150899855390
60583992083731
20627418155372
13053056987530
32015721438967
128755173344173
5503159899803
153811287052843
153992997632050
90732891452690
110500026517034
121409060912161
80229210892032
22698760393434
142044311932740
136853521911046
159940922180460
62924131119522
4914602980461
79709861012292
159512761392361
40208144947983
58178359579363
135071687857989
136704185487279
162828838626633
3002920360919
143269407715872
137330911264932
82736265794805
116491559888087
108645777103840
139542631674537
43632141390823
