7975466801118
7139239657953
8371146229640
18440634552374
7570684039682
6306048043814
19079775108268
3611025555108
17599645068000
19957645515005
19455170462761
20317932622505
16914540300054
5448856813208
12130370740310
8885242820663
876367015765
5655564516765
19567848062876
9689356271943
5657866454745
10881149905704
19809339017170
1764553214383
19251299565549
2979358403647
18068062975046
13256887991951
1367892568526
7163623426486
1684219798715
11617340175945
7459742360814
10746117427209
19126292506818
15504286797997
12288660482637
8353021409412
9220282110472
2331489051516
1888166991353
7164392419174
1227902876148
10901696208783
2132022043369
2843930753835
19496149658714
3566938064900
12674637479573
15664905652417
1050385690792
3431354714716
19155619207468
7172838119121
14813702463318
9703297558021
13803010142655
4845255782182
4094541373206
16513536721148
12345218161456
15728574306700
9191475806248
16841236286763
10075973443710
9545791668490
20905467760899
9411884170160
14967018523018
9438699195560
12996500682166
12482834317238
3233345791024
15881657834913
18375381233820
2943765257588
17570178880915
18211922177701
17009072359936
20876652374504
3618945104676
20040304965627
17137103816620
12531028429564
5775679080418
17307477136167
13039169387223
5852591680407
6905421909853
2802787025799
18963384171210
18222877303681
18638557085287
11406261411342
2229490985310
18326866654874
5553809050927
1841185987829
3208050600533
8060079051470
13527491277831
6059705719447
10976447479578
5328109660857
11946401952521
18274801993601
11992835368180
13263133949505
7936684454944
11816213557121
4627254691307
11662074782737
18983812197264
6359298820575
6599712573577
7518779813516
9102625006604
18025897530395
13892327223125
12534135948236
1342234070238
7364128654237
11686210096939
8249926129819
9221022119116
8552529481231
5507928014920
7129122291472
1300552049159
17454673780739
19133317939802
13426556886192
2538566569680
18822504678083
19082186281176
6012365495004
12099654923538
15351811042568
10064580888461
7742282691988
11595728094060
4647243728366
20123979642684
21012087531933
13120087021697
2396208953490
14513419045050
7618624938122
10657048294320
1777467141389
7531503281074
19926235785173
4202295819478
3428779890447
16428523445356
4477291573665
8326720951318
9120061611826
5809383863750
19813180433886
1052722822150
2441039994966
20954600307080
3423502622278
10231678287618
18060885280987
12078805155969
4005029566117
1923798569570
302262835964
2320307641020
17001289997649
4206115063697
18323557322432
5942810412627
5284838998939
18203085300308
5578868368991
646790120933
2323274710861
18588341092428
12198283975133
562022199729
12635862540169
14266815173051
19209696446200
13471727525244
5665735264049
10724575151312
14282391825049
9432616166409
10313296551043
15378082440304
7661806217394
7606168514962
18456134502840
3117953085711
5966509000416
6339595462778
3750036603376
17366140585110
855003234055
3475037315212
8256334298799
1123037772663
8880039476478
1787730636868
15746474717243
19205231234085
13173053627854
8499042564236
2812623302438
6738175243024
3895996090388
11197194954521
18319463318177
6889400037270
19616948154697
15325082520054
20749563714816
2884734375917
12367033076086
13577041591164
10106455085088
5039958887082
5319926480126
6527399162477
1659550191211
17901318443908
9778296000088
15616853888080
16060178467924
12087044131872
2740907656585
7568134232529
2131973546034
12657018842421
10327717705979
18503881160313
15746437328785
6791060267495
15184333216062
20208742047747
19227402991475
13602524839101
14767294345431
18998266654527
5589736292421
7377837793651
15624914193562
8771106202642
18350492226688
9071560125816
6726534363324
11319305387591
8072012358814
3232167767966
11088798457269
7974234282406
10955610414389
20729304382292
9781058924250
10355046576162
17599321283910
3218176109103
10451870098947
17192384345384
16028720851847
7264020291594
6521552372220
333320025931
8186610682750
12621206121270
12298333945353
4515001674628
2099102068365
6006974264754
1271112235324
901386436042
771154908043
17886428129457
9061241296522
19254514750906
19673022748001
16087259086721
17216351425056
6857698983225
20075163726719
14681226128308
7518244241084
16938747334164
8121327320133
16468201701488
4327349077926
16487800623455
18225585500915
17447786923989
17748824479319
17627454223425
7136409064646
3176311518237
11937368437629
11332813738711
18540643719901
10268532906930
16519130269548
20372594092648
20853920790350
14498891827211
89228209913
9085680951190
13001339098104
6287036576539
16816677398908
9411149558736
17411761158953
1319138097555
11354882086794
417547549368
16498962220985
9032524299738
18201944266205
20832614144096
19261044540619
13936288049149
12966192785048
17031821489972
15363428782431
4403280581920
9436786132993
6744875155083
19914923398088
3304326495783
9539652719257
138398159575
10771526373786
18160991723835
19504959279065
939928275214
7842502139532
9085572775129
16222530693890
5817652737557
14276231723804
19464615705765
19419513010102
943565966103
7970426747451
1639658015493
13606211419081
10586299606543
1555947594998
16744584774897
5028400777437
18739898911184
6025746110933
7671168621941
6142610000126
20381479874338
1395259613269
17707006550918
8144413665073
20006760567632
18023507653125
2154590573472
10645703052386
13971921774934
19810309431362
14947791728648
17924409302469
10191491903412
6777730562735
10993634249958
2796822642842
18574412390989
4266927102090
16232475972680
10373979145153
12645562883720
15772457010844
16998032296200
4845433810232
17317575844301
9874225615083
8348582388567
20519664458104
2146111961424
2155808507709
20549377880808
1399080461229
10619938065397
7332914564954
8799638277319
283610017501
3504728596252
782953902951
17869381808110
14350447232422
7164417746220
8181952799413
19899091929000
16130674661847
7528172469153
103629062221
1487677157322
339338805223
17930567880511
19189744508200
2486700265877
10821789131114
11447111534410
16691457655792
5345310678995
16804128615817
7562967021175
13427731302713
1454448214348
4187296994832
5513727450468
15575474029621
820402974542
15857168198765
4257901327377
4675254103210
866958949069
12999743314305
11911273050897
9970272559731
3260719701938
4837701891460
20203415778647
8281729401445
17450393171318
14162181826950
1176455578047
10423193177713
1093803921959
3985170293448
1427523913812
20836994488487
11379216448571
7753352229056
9752424958515
14148109321243
12818657442990
12953712787224
1048144777901
18544701640839
6117471319716
9544373965005
2409256910345
17718593116284
4663571751529
2129670282868
12879818800947
17145423023543
3510062986552
2539795570453
10827182147695
1910667986127
4798577698674
232691595158
19740218557779
15354898956844
9201463206710
19237659259261
9585196479333
19395876660650
15677191953526
8090644705073
18872458449729
4933586300435
4138702760658
11661364625010
2746374848404
17401592696504
12305630514781
7254228619603
9122158951831
5436267048899
4804865204101
971306007351
10424516764710
18959215292918
18542538140666
20469235197598
20242797060999
15788339860199
2913741952113
15722851833425
11845075876745
672623073267
2239990607760
1391929454899
9688116803854
5217165701548
3837348299899
14364523704143
14740821457732
15967292511150
853391289948
7830318046520
12309924127263
10771724296500
19341958926146
2251748313357
8662323025846
8199166498979
1895183565472
17809445671179
16798363638250
10164250006333
