17 1 70295 8 1
19 1 380893 9 2
19 1 486316 9 1
17 1 97373 8 2
16 1 62524 8 g2
17 1 28053 8 g2
19 1 198756 9 1
17 1 21191 8 mono
19 1 506698 9 mono
17 1 125039 8 2
17 1 32265 8 mono
16 1 15459 8 2
16 1 4280 8 1
17 1 124309 8 2
17 1 108037 8 1
16 1 40084 8 1
19 1 472492 9 g2
19 1 198756 9 mono
17 1 66247 8 1
16 1 40084 8 2
19 1 251836 9 1
19 1 112143 9 mono
19 1 410260 9 mono
17 1 66145 8 2
19 1 199082 9 2
17 1 110799 8 g1
17 1 17917 8 mono
19 1 453410 9 mono
19 1 314591 9 g1
16 1 15459 8 g1
16 1 40725 8 g2
16 1 1 8 g1
16 1 35719 8 mono
16 1 698 8 mono
19 1 127583 9 2
19 1 139976 9 mono
16 1 791 8 g2
16 1 40084 8 mono
17 1 108037 8 g2
16 1 31049 8 g2
16 1 15459 8 1
19 1 299525 9 mono
19 1 207860 9 2
17 1 93585 8 2
16 1 56245 8 1
16 1 61880 8 1
16 1 17450 8 g1
17 1 74953 8 1
19 1 508814 9 g1
17 1 119009 8 2
19 1 4027 9 mono
17 1 119009 8 g2
19 1 380893 9 mono
17 1 127499 8 g2
19 1 1 9 2
17 1 80625 8 mono
17 1 75475 8 mono
16 1 35719 8 g1
16 1 17567 8 g1
19 1 506698 9 g2
19 1 268611 9 g2
17 1 80625 8 2
17 1 8707 8 1
17 1 20389 8 mono
17 1 124309 8 g2
19 1 345193 9 g2
16 1 56245 8 mono
16 1 698 8 2
17 1 21191 8 g1
19 1 207860 9 g1
19 1 238464 9 mono
17 1 20389 8 g1
19 1 112143 9 2
19 1 13 9 g2
16 1 402 8 mono
17 1 127499 8 mono
19 1 486316 9 g1
17 1 110463 8 g2
16 1 17450 8 g2
17 1 29109 8 mono
19 1 293305 9 g2
17 1 90827 8 g2
16 1 58858 8 2
19 1 238464 9 g2
16 1 35170 8 2
16 1 40989 8 g1
19 1 299525 9 1
16 1 1390 8 g1
17 1 113157 8 mono
17 1 90827 8 mono
16 1 46704 8 g2
16 1 31049 8 g1
16 1 28134 8 1
16 1 46704 8 1
19 1 238464 9 1
16 1 40725 8 g1
16 1 58858 8 g1
19 1 82993 9 g2
17 1 113157 8 g1
17 1 32265 8 1
17 1 93585 8 mono
16 1 17450 8 2
19 1 486316 9 mono
16 1 28134 8 mono
19 1 13 9 2
16 1 61880 8 mono
16 1 42306 8 g2
16 1 17567 8 g2
17 1 104077 8 1
16 1 40989 8 2
19 1 199082 9 g2
17 1 119009 8 g1
16 1 17450 8 mono
17 1 17917 8 g1
16 1 1 8 mono
16 1 1390 8 1
17 1 74953 8 g1
16 1 17567 8 1
17 1 124309 8 mono
16 1 35170 8 g1
19 1 268611 9 2
17 1 17917 8 1
16 1 21843 8 g1
17 1 70295 8 g2
19 1 139976 9 1
19 1 472492 9 2
16 1 58755 8 g1
19 1 410260 9 1
16 1 62524 8 2
16 1 40989 8 1
19 1 314591 9 2
17 1 119009 8 1
17 1 80625 8 1
17 1 75475 8 g1
16 1 1 8 2
19 1 453410 9 g2
17 1 66247 8 mono
19 1 335041 9 2
16 1 402 8 1
17 1 66145 8 g2
16 1 791 8 1
17 1 104077 8 g2
19 1 15145 9 mono
16 1 17992 8 g1
19 1 410260 9 g1
17 1 127499 8 2
19 1 299525 9 g1
19 1 80785 9 g1
16 1 35170 8 g2
16 1 31049 8 mono
19 1 139976 9 g1
16 1 698 8 g1
17 1 127499 8 g1
19 1 508814 9 1
16 1 63166 8 g2
17 1 74953 8 g2
19 1 508814 9 2
16 1 1162 8 g2
19 1 4027 9 g2
16 1 42306 8 2
16 1 1162 8 2
17 1 20389 8 g2
16 1 4280 8 mono
16 1 21843 8 mono
17 1 58665 8 g1
19 1 228162 9 mono
19 1 345193 9 2
16 1 402 8 g2
16 1 1162 8 g1
19 1 335041 9 g2
17 1 29109 8 g2
19 1 251836 9 g2
17 1 23879 8 2
16 1 61880 8 2
17 1 70295 8 mono
17 1 110463 8 mono
17 1 75475 8 g2
19 1 80785 9 2
19 1 11783 9 g2
17 1 58665 8 mono
16 1 17992 8 1
19 1 292815 9 mono
19 1 96969 9 mono
19 1 82993 9 mono
17 1 113157 8 2
19 1 380893 9 g2
19 1 333473 9 g1
17 1 104077 8 2
16 1 58755 8 g2
19 1 410260 9 2
16 1 1 8 g2
17 1 72593 8 2
19 1 410260 9 g2
16 1 32657 8 g2
19 1 251836 9 g1
19 1 207860 9 1
19 1 80785 9 1
19 1 13 9 mono
17 1 110799 8 mono
16 1 61880 8 g1
17 1 75475 8 1
19 1 228162 9 1
16 1 58755 8 2
16 1 40725 8 1
16 1 21843 8 2
19 1 251836 9 2
17 1 8707 8 mono
17 1 74953 8 mono
19 1 345193 9 g1
19 1 506698 9 2
19 1 299525 9 2
19 1 293305 9 g1
19 1 453410 9 1
17 1 79627 8 2
19 1 13 9 g1
16 1 32657 8 mono
17 1 23879 8 1
17 1 125039 8 g1
17 1 28053 8 mono
16 1 35170 8 mono
16 1 56706 8 2
16 1 1 8 1
17 1 21191 8 1
17 1 97373 8 g1
17 1 23879 8 mono
16 1 62524 8 1
17 1 109149 8 2
19 1 13 9 1
19 1 293305 9 mono
17 1 70295 8 2
17 1 79627 8 g1
19 1 486316 9 2
17 1 79627 8 g2
16 1 26646 8 2
16 1 56245 8 g1
19 1 268611 9 g1
16 1 35170 8 1
17 1 29109 8 1
19 1 299525 9 g2
16 1 27884 8 2
17 1 90827 8 2
17 1 20389 8 2
19 1 1 9 g1
19 1 82993 9 1
19 1 453410 9 g1
17 1 104077 8 mono
17 1 66247 8 2
16 1 42306 8 g1
16 1 63166 8 1
16 1 17567 8 2
16 1 56706 8 mono
19 1 15145 9 2
17 1 110463 8 2
17 1 103983 8 g1
17 1 21191 8 g2
16 1 46704 8 2
16 1 17567 8 mono
19 1 472492 9 mono
19 1 335041 9 mono
16 1 21843 8 1
16 1 26646 8 1
19 1 314591 9 1
16 1 58755 8 1
16 1 402 8 g1
19 1 292815 9 1
19 1 199082 9 g1
19 1 199082 9 mono
19 1 82993 9 2
19 1 472492 9 1
19 1 228162 9 g1
16 1 26646 8 g2
17 1 66145 8 g1
17 1 110463 8 g1
16 1 56706 8 1
19 1 506698 9 1
19 1 268611 9 1
16 1 42306 8 mono
16 1 31049 8 1
17 1 21191 8 2
19 1 198756 9 g1
16 1 32657 8 1
17 1 97373 8 g2
19 1 15145 9 g1
17 1 23879 8 g2
16 1 698 8 g2
17 1 110463 8 1
17 1 8707 8 2
17 1 72593 8 g2
19 1 112143 9 1
17 1 74953 8 2
17 1 79627 8 1
17 1 72593 8 g1
17 1 103983 8 mono
19 1 199082 9 1
19 1 11783 9 2
19 1 238464 9 2
19 1 228162 9 g2
16 1 28134 8 g2
16 1 35719 8 g2
17 1 58665 8 1
17 1 93585 8 g1
16 1 56245 8 g2
17 1 90827 8 1
19 1 127583 9 1
16 1 62524 8 mono
19 1 15145 9 g2
17 1 125039 8 mono
16 1 21843 8 g2
17 1 1 8 g2
16 1 40084 8 g2
17 1 1 8 1
19 1 127583 9 g1
17 1 108037 8 2
19 1 96969 9 1
16 1 63166 8 mono
16 1 17992 8 mono
16 1 17992 8 g2
17 1 58665 8 2
17 1 72593 8 mono
19 1 198756 9 2
19 1 1 9 g2
16 1 15459 8 mono
17 1 110799 8 g2
16 1 417 8 2
16 1 40989 8 mono
16 1 417 8 mono
16 1 28134 8 2
19 1 1 9 mono
16 1 27884 8 1
19 1 112143 9 g1
19 1 15145 9 1
19 1 139976 9 2
16 1 56245 8 2
19 1 127583 9 mono
17 1 127499 8 1
19 1 380893 9 g1
16 1 698 8 1
16 1 1390 8 2
16 1 791 8 g1
17 1 113157 8 1
17 1 23879 8 g1
17 1 109149 8 g1
17 1 58665 8 g2
19 1 11783 9 g1
19 1 506698 9 g1
19 1 96969 9 2
19 1 96969 9 g2
16 1 27884 8 mono
19 1 292815 9 2
19 1 11783 9 mono
19 1 268611 9 mono
19 1 80785 9 g2
17 1 103983 8 1
17 1 8707 8 g1
19 1 112143 9 g2
17 1 125039 8 1
17 1 29109 8 2
17 1 108037 8 g1
19 1 380893 9 1
17 1 1 8 2
19 1 333473 9 mono
17 1 113157 8 g2
17 1 66145 8 mono
19 1 207860 9 mono
16 1 42306 8 1
16 1 32657 8 g1
19 1 333473 9 1
16 1 63166 8 2
17 1 70295 8 g1
16 1 35719 8 2
19 1 80785 9 mono
19 1 127583 9 g2
19 1 314591 9 mono
19 1 314591 9 g2
16 1 26646 8 mono
17 1 125039 8 g2
16 1 417 8 g1
17 1 109149 8 g2
17 1 80625 8 g1
17 1 75475 8 2
16 1 31049 8 2
19 1 4027 9 1
19 1 293305 9 2
19 1 345193 9 1
16 1 63166 8 g1
17 1 17917 8 2
17 1 124309 8 g1
17 1 97373 8 mono
17 1 66247 8 g1
17 1 28053 8 2
17 1 104077 8 g1
17 1 1 8 g1
17 1 29109 8 g1
16 1 46704 8 g1
19 1 333473 9 2
17 1 79627 8 mono
17 1 80625 8 g2
17 1 66145 8 1
17 1 93585 8 1
19 1 508814 9 g2
17 1 32265 8 g2
16 1 417 8 1
16 1 4280 8 g2
16 1 58755 8 mono
19 1 333473 9 g2
19 1 228162 9 2
17 1 90827 8 g1
19 1 4027 9 2
17 1 20389 8 1
19 1 508814 9 mono
17 1 66247 8 g2
19 1 335041 9 g1
19 1 238464 9 g1
17 1 103983 8 g2
16 1 15459 8 g2
16 1 27884 8 g1
16 1 40725 8 mono
17 1 119009 8 mono
17 1 32265 8 g1
19 1 139976 9 g2
17 1 124309 8 1
16 1 35719 8 1
19 1 207860 9 g2
16 1 1390 8 mono
17 1 93585 8 g2
17 1 1 8 mono
17 1 32265 8 2
16 1 32657 8 2
16 1 40084 8 g1
19 1 96969 9 g1
17 1 8707 8 g2
19 1 293305 9 1
16 1 58858 8 1
19 1 292815 9 g1
16 1 1162 8 mono
17 1 110799 8 1
19 1 453410 9 2
17 1 72593 8 1
19 1 486316 9 g2
19 1 198756 9 g2
16 1 58858 8 g2
16 1 40989 8 g2
16 1 26646 8 g1
17 1 110799 8 2
16 1 27884 8 g2
17 1 109149 8 1
17 1 109149 8 mono
16 1 791 8 mono
16 1 61880 8 g2
19 1 472492 9 g1
16 1 56706 8 g1
19 1 1 9 1
16 1 791 8 2
19 1 292815 9 g2
16 1 1162 8 1
17 1 28053 8 1
16 1 28134 8 g1
16 1 62524 8 g1
16 1 56706 8 g2
16 1 17450 8 1
16 1 4280 8 2
16 1 4280 8 g1
17 1 103983 8 2
17 1 108037 8 mono
19 1 251836 9 mono
16 1 17992 8 2
17 1 97373 8 1
16 1 40725 8 2
19 1 11783 9 1
19 1 4027 9 g1
19 1 345193 9 mono
19 1 335041 9 1
16 1 1390 8 g2
17 1 17917 8 g2
16 1 58858 8 mono
17 1 28053 8 g1
16 1 46704 8 mono
19 1 82993 9 g1
16 1 417 8 g2
16 1 402 8 2
