89975547462607
36606716980232
64737207166289
32592261541295
156206462078965
61613419683710
27949802232766
159928999276740
127897576398381
98827837833275
122949825577458
24647816908937
119494335739033
31624684664212
131743868321771
9771520597023
29367960003448
136444450633156
43014766124157
70623485322693
144212294140680
81825281670136
145902873430375
82730503340925
106355777298948
124068072104847
80547151919183
28498155033881
46682492229649
157017752368875
102970766865827
127200458947221
82383432335582
51580837553588
60782178243913
19884817074392
12026519545194
6384149139320
44352384707868
55806508243065
21797898659539
158321661262858
85676199298132
146426183844765
120182892625723
30505666385101
7113774506537
65223953578430
3309111814283
79310579224649
132516970623820
53254603012219
82044912940657
33974632133692
42676660245422
55352469789770
48468757276298
60818512762351
97909398780449
83886865637866
61262380324219
159455497497340
146740106746195
154355696188518
155130009915497
62350487315974
118751114474299
149788045551241
78166823360739
39728350516485
99031799136072
75894651814506
26064273584284
51118948653241
151129202759507
96689933614434
131114170782750
15379736482828
120746006579066
129427333308189
12164550685814
25849528924550
37476194628443
140921948256084
122300355730572
35128025065893
136313622001686
89889428487237
61995877552750
109570104198322
47192068121955
30406933898567
104563073761494
105290416124574
160314560366156
128414155714459
54464431514833
152373172460602
137858513859070
28952201061566
141983833291470
15861354154623
95212486567655
44343804573628
40937055016597
36257559446616
138123978640634
16131342785491
119288258776488
49259267447163
62568044345315
61999145743115
20087007534133
112453610196380
23484852824633
34446844964092
53895775992571
160223521159203
118990108210228
101958111027505
48573449927932
20820473591292
51400507232801
3889512717433
25816764740730
30160647948993
1706285964645
10891573395561
114761430790533
42175994110632
58796634057698
91236371645563
65158585307167
96625927158528
92205529076842
121959255974287
159911231970290
153178798960411
126588926536735
130570504972368
2732326220143
104263266635513
41187576244557
80281104263061
101494709452868
157283952572110
127001801169382
143635447097348
64518800944626
114214000543871
26688135756775
29448184456293
134256469291051
67274228061237
22742466058965
135251596110240
21989060281747
36814068927677
20065906659532
79954623673454
83946397205560
9502654051337
41168679043507
2414197590007
28446190116768
144692031835623
21578207847314
95389528599608
50936516326470
64013429456140
7368759867831
147710425788285
94641315998186
148455928743793
10552624979981
93343241198764
32723746617341
127465974092807
46300366039293
12292608291896
151871669842078
34943736213505
68044806024395
65388057281633
10116204559365
79812862015467
106897324690402
152928258300268
94059255712588
94165810744494
89982169586775
131174147252631
26516491588279
47196241035563
29539747314316
108841544861864
118474276898121
56848170045087
18779649338008
94859207844566
55119085844502
134845188696434
115219354598662
60436864448003
75206362781644
62925742199308
122866164039923
70061730839430
102092038487524
67784579784714
22170097727628
56900001911527
140843783150465
57051611300917
101928790148555
114466241355159
122369640371379
125031517427263
107795670581834
96409829600189
146499892514042
120978037689635
26158225278201
118255172978530
95936152987928
158522283183761
66571293486083
131038774928526
94106632752810
54593812255198
108015812553833
145765230817926
12355644912959
154555621711230
127393096335231
29871449703506
34411466983966
122904600168001
40071306785798
51194878736190
16017938019778
26210474098857
123108682897489
9013760069898
135673418085654
157748061808815
38958793453167
67830300495603
94752308229233
133162994927917
411371430520
100546520939295
131784575777068
67845936503429
21598116701213
9222243858259
32201129356926
10132744399545
127347907036414
122715256626596
140610591522582
83239227487880
52294381871098
58203045588857
11138866302343
122709350696103
72448318941802
150055158557744
1785014032812
53574100498343
97213640987872
138157618865846
122577951908522
10863320674793
24615425157957
57523906725731
54003774461523
84874785787814
91195452545764
50640384788157
18949309220171
82048645117342
84054170414272
158671775517156
106708298118920
89139066768630
77678104710653
27114102232283
94448079670119
138763595685454
111408992747902
141384447538706
68438254761814
159931616356690
95780786014399
32772371668437
45133146271633
30221770920121
127055783036041
112956117422644
1788979392651
64189670728075
145919965814961
139819426920402
12986219686060
118855645111034
8141949495698
58606208965812
135356199256176
27086576288622
11500824402150
35101765095373
45803756949971
134924069014870
131446076783854
46539019648586
151806081788037
312308078618
85442178561982
90683812348930
108688642589912
84338150427450
5525864163794
68789962067297
72255471152983
40274993339444
75098381033686
151250863403474
158050354419000
162687004321897
17648001528926
123031845630297
162764743484212
67060243103807
131387992953911
77494465559859
115466241883493
99773615085766
48127274413293
132203414576401
14718630835639
84808201549565
132849696890040
99537058510284
13294439917491
20293237932535
90639158555781
127739407223940
17000709163096
42442586303636
114797295697763
2809972505746
72565578055236
141916870362336
123170070375177
154358608046252
155201859626063
92831246319795
152906824160691
55401390427756
74525989237060
73232155555209
99991126621858
24468997654453
54281450294055
146439773240142
41561421565174
149010962836951
143249773554683
47666561259571
45279762401685
2167109427068
34464693196831
142831757386284
156181003720387
87289749927088
132670448722312
156212247855544
114877448847895
126423753818471
118042748538695
158911069490505
2169085530307
111148266162560
90865906157733
90385259322838
379724852821
146975694126503
150482926696518
140413201935693
57868960435953
81793836533487
65834452066395
44404791294968
33874233127058
98168469881682
20614050811698
82746349387768
2904926024689
86454768596079
72702408198133
80018591102217
150000970275432
101028691809941
17137716315902
144441841839644
160033860694525
74241216543875
120613159288486
14026350009129
73330125697517
138519651003655
63059804757157
109159476848697
22629807741281
87028097048892
42464400925533
49125918716631
162303908378902
121183860605505
33010532058482
155035453933454
142080510027728
67170160753858
104440886392577
14783814195227
138075900990876
22211341484687
128000584468457
94213091161981
115570234511827
9530484325974
87559583204917
137715886448069
115570182590694
36375157541360
122516016876937
45239835591532
141018438553366
149771952787231
54452850505539
133285015566694
109785754270712
54961369429748
48295369749270
56355986391346
54147814685847
149886569969701
32942055948266
122454976226720
97600137142120
97987139232543
32905725685025
10214694088225
40616331588110
80875206933280
141532911505383
18077406283543
17719759776129
100900030518331
65074829961181
121953174855067
43761959746815
136794088310660
6489308433694
40698595670375
22352378738689
126924652254559
157818227834816
107025525307314
92027826212424
127937952490743
20975729687514
84332320407263
74040316785458
150605635146164
534721791081
149410668803656
78278615179192
92756076386927
22042578240264
125747746523615
42812715570185
107409774480051
83363670790043
134559191892823
83537012839144
34124816398288
105472072259336
15846408867339
70716395674317
124637862982907
145806548558553
503986230541
71166429772587
129161480786605
102416960942156
137585606949961
118613239901802
87426168532314
88362816590144
100444283376367
133900726918850
46837150430897
15829168875825
8251177747159
144427006169320
68382273933658
78909884024097
29676707862642
76938909755968
148423622988345
104386711844741
153098272158632
81572319391893
70684853657327
148104440506148
73271595068728
60256991399779
87893989304631
87273003756842
63318945177338
63736042960654
121478456595313
112783587337051
113887926364828
6867006616419
15989821214105
145127827372760
31642618734140
157166711062615
104162008591799
26778248416485
23028658374744
44589456177641
988438113584
37513064133666
107927805387796
110504657811516
131943171349830
45885369876545
112747489545605
36766750496902
78096180688503
16069394691639
67491185750849
769386537341
1254287590266
39804304729249
48990084827882
101524093757097
112112203079473
1944374897116
98173628912115
9031515616545
108087741241180
62497739501220
85774680478114
158679582849621
79681928836217
66896453250974
10354699648291
12778299772251
81695477262549
125232734566343
3734175536912
151598043057835
160282150827933
58185554484581
25147831934556
54883978576217
63097652817268
59804332588987
66126835560990
12969870281194
32541209163426
101205986344765
18753776844362
2389150736555
70120750896902
57347970363579
129228428888505
10438336326399
34924300118620
111009334234439
55447295209758
70529413428323
43321923859356
51568372559639
27091875290647
105083769752575
1707633926457
135517979802347
143549101200020
60689640164264
15761795409681
155348888219904
162630679685941
51199152867613
6527507864533
62888861375174
75040415406072
37377795323315
94905200984569
41970969360460
59374694664536
140133556260723
60831096464887
142622919240068
42191519876377
151723041549570
153797777432975
141767236544438
125287235386628
96314623214918
103162837202373
113135237741599
39565512032618
47672131477404
25912792317053
2666354166798
55681140220810
31402593045769
77462894639762
27747396910540
88617736921499
70894158826299
90082376836533
96048170714624
78672012505621
137184093133163
41157465108562
87390904282572
41631968517608
25243130388244
22233335321750
43749116009545
160212041314511
145702488092059
19843113474218
51151821230935
115461602230470
29042680975041
26209870797925
20325538075960
161282235618039
161332705119675
130361809244992
37059506068061
34755662595194
10895482352189
123360173972755
73056282341988
305995171958
60671752229064
104425983032644
114102539916513
151660081292126
135375998264407
21320553371745
70510623950852
28396136425784
12388186879874
135122027040124
140240615955217
46448428588958
125020321496386
45285779561842
141579559473931
26496389348385
66978070021273
26656923396929
42537589178392
84974993749125
161490710103798
93006898794499
110334931701353
32757825567519
65057145431642
105917291630952
87843245319633
129815153693900
132254429915379
14217484016044
102520965724532
99432066879304
22842805715424
46690675796676
90913661978852
3358881568171
111361283992995
67138873709932
12194153578946
141766744869633
83700578052490
84512084735638
134034628170437
32373308215066
113810611996329
69399995101176
153955245836252
112628541105749
157163176379682
52591614364846
61387296124961
96154798793810
126773984637321
101107085193014
56802958763216
148407324871147
11014080317719
154519633183791
83293010467687
156585327756416
62432595647953
142108347894072
61575952792526
15754894354637
97699964577906
153975514644306
97237910745211
71695401160190
18187881055520
57791833213105
5601437460958
124875355996647
74934964035458
97160457722623
117526228899759
147700767021710
43969633207794
70404855303031
137336733551721
160920433527415
126185156045759
22979835289732
23435141194192
146102603255998
69313023888607
121391767527109
47254043100851
115655988370703
24433569145541
28867067464626
67724211916524
127285726485721
69477253208928
26970729729120
13288955955863
141992626701599
80022264934167
70521805335652
61137715372470
10057220037078
137311329662235
51092040564644
86473576361724
118501642141681
58336652546934
162808611383436
23120388665733
9935306666572
12176519229152
18251678897990
50785382965690
34237524627863
119046765852963
30596185149134
95637528963411
79179370636826
88819724964127
69033577089043
77170672492146
38177460944313
35499572234420
51448173602997
52645152083618
107746482609541
57897905909481
149121085172044
50725744101504
126310886924472
12442861937387
97178964405158
11490574204584
58145842054266
161897190270512
48312477225033
94813933735369
142335756177011
62428640224325
102454738373031
47042561546589
131339597471450
153382993551859
135061730413250
72784807603182
26099294778576
12352507211513
105194514903344
137979814886103
155372110895250
66892527470615
5216527877232
38174023451437
44956643303369
16758344857311
3476662726107
154093936333502
140144432387359
2855486709065
99789076870578
29564329590982
136842422605028
127358327580772
146679570504975
151565253629316
38443316442368
57435562898542
150388514734549
70538558406580
71857560371653
97535327581670
2803550481179
140626297395493
26049718434447
65075713671559
7029701090974
28270706443206
29150259966975
147814788683571
36361800383819
94960461260893
20779785087828
154164608940973
89543592996245
55683076317783
134734201895119
14619759256681
127720922275118
67694533737517
110934609996543
2350894065973
12496434096308
50088002487562
58285050349721
52129708314859
5698417605045
95101586661362
34899220755226
100260706171417
50844839773343
21599845492935
46408134801597
50958969848449
99243638691569
105715330760668
108582174301499
39074471268479
34443052965732
64748951634197
64596937018672
43752766871770
127952260220921
33108521606755
133571423644824
81686493532540
128668788261604
155258443856163
55712846893163
106976710262690
77727321695211
41419401158223
149715208025800
122832166738804
92742112456523
11944038152912
52259089399271
104207544146628
44750365558480
58133894846995
8795123793127
88615790890553
97060506863397
55377342910218
159011178635061
23666190573708
149273075680112
29887676970303
154513246708437
39931821495598
160203774156
84581817497334
116666551876588
31042132764809
130009736744363
123171353893239
155884497113030
154526925718338
111103363299534
55711381980643
76961251807161
144818282498675
11547584623901
161509240148613
112819083104853
102337367082777
32108724704418
140739364024624
19332115009991
129217995257005
75702170991108
90450446453772
54919916941916
111025175492616
22840937240105
84127305942691
99965792730101
22026892710306
5336954883602
110469235447392
3022602022377
94706946205593
63475534120147
12894060135831
21390084095694
9238753136511
94631314323505
161066901034320
19772506998040
161780622664250
68686445524690
51676639769546
149679204661865
154254143631708
78004803914613
96256624267754
156420877927767
89715969672094
64746171937602
21550962908670
150710316032662
19205458133389
98331607810048
44106430232209
75469323988899
107385632446851
41112752169999
34880653017554
95860393391241
59207858909909
8793145453113
59041006292682
55730889989373
24709596487195
67725406897102
54857216350830
161445189428221
137799511822811
13663784385203
124769378589758
18963372686844
24399940499179
124024553326323
126766299283438
15361488326494
58379443029088
87840198749493
129922257609013
108102759247606
13198001285517
116510756110108
131928721643723
137438779315572
36211884838100
115065812148803
102356344930640
76889226336376
5716625853251
149422278386344
38932395572406
65838437402402
85685185996392
66201627470764
105671502042233
136884523807024
149449861942508
11974686874181
155805051017741
46677685084434
45547272047340
117467593187813
41727434902142
148500404495405
145138143407308
85592276951759
48348748674211
22304360206585
50637711501338
143534352369206
85388725944101
76353558098373
80272638756352
66700452946285
56047438363274
2872844534687
64912337422393
141497569573860
107741978482577
85586308555794
12422409588276
84945670868995
154338582078823
3474853400487
30576512010528
12159775709812
15042427903171
113884103727426
95256561160660
21326430221223
70068816877854
114200753003352
1456120206797
138174690761051
