8014250564039
7555843926760
2791357811555
3171196566603
16754656512685
11906319490756
3842883433658
11526979013185
4158809200453
18307398203680
814751590611
12028685865126
12502473662183
9479855476577
10953612100276
7206759283567
2688535591279
11445123231298
7030473478060
5014202422858
7272429569495
19684411515302
6944869849191
8313406375410
18559996266233
19058468951847
11469427615644
5912153626258
10697729968032
20714016211063
9201498210908
8957936331514
11226548076030
2913971144355
8557035531489
11962804381695
15555674475480
20024062834968
10528102696842
3665824844290
20114464984285
12906974931287
4242630051387
18134857169359
18809944694429
11720473228360
20041993447047
3727820554650
15845330729982
9979277346633
4408995675103
20872307202531
15478485514796
18270886837768
1576189448576
6186796995261
3010953469296
6806260427524
989707445905
19682272101134
3746349049033
15356070486205
3151807143374
5429528604308
12261856362164
1116176709947
19796394166467
17896468827817
7353102523821
16815546838714
13776711556203
893059537730
8381750673024
6010179446533
2560396074349
11747773320040
9543411589238
15130608084250
8700301171618
1265209595060
15516868111323
7390742613193
5819849647829
10040283080901
5421061002879
17131245704054
2601747887201
309798324102
20773920661587
4381129525453
19356409529012
4997728037313
309553184167
20393186084339
13801762973299
19447865259422
20721501833486
18189315466452
19813286827932
273555100569
10897513211016
1834767597353
14967680302935
13264507433622
8688030959474
5801815447380
13239146021296
1698972958447
8531635330010
8427474105786
18099603750909
18268269544963
18392430312548
6170102725355
7552001860321
17910976592769
2305712851046
2299585800192
20078679389533
19385737670243
14111758717887
123319460915
16124660216750
14317644463183
924652045691
2023105410142
141493401555
10664089656150
19661810947858
6583054629553
3360814905171
1445864319433
13042063959066
14980163757327
11755653040846
13502603431512
11686259651709
12425872375365
13234129363243
13253888763695
926007332746
1386715970859
5708120726350
16300888195424
13500527845001
11168218950313
15606693700301
10965306707668
1706294815845
313425971343
6953462980353
10972385786157
12973311881196
18334986839501
13732220144763
19077399804151
13776353510791
18328672990251
4387016942153
3297869881271
13871055084530
5304293700531
17159298911038
7874348841725
3944612244130
7124678971257
15184521704531
559046458159
14312018494505
10080900604175
15099724651030
13024390830733
362473986908
13596373629394
14163776155895
18126906700902
2325052830853
11413573215053
3020383549442
10364082336883
15717318847370
8146120447459
4090192678130
4060558991469
3335743907482
18270953142706
11121454207377
4717961747176
11571614991200
19042584759085
6300977932609
4844137698522
9783244431322
18194842173975
967941896047
15130020711001
9544230568882
2870052363977
16515527900901
13081246421028
8320320793212
20806302756583
2185477780595
9601832158888
9902938624573
9065043374709
9978757932927
3626826641006
8648009325033
18072882838799
1832747502522
8509213184681
14018705999821
14413408599689
7948072418083
9669074257463
623828183141
12311653271274
3083619361246
809821646686
236413675910
1482365335578
9943550531563
10327664367836
3578616093930
11228591445349
16139542944222
18558560052169
6089373762701
20339936660812
1600329397188
5707963388222
6031261882495
16083453493898
12872109824597
3103447806907
5745527538670
9504108381189
5885214963124
832558909303
19609316596267
233905222160
19607900846707
6837731231325
666803484282
15236015672957
1536633768633
11981068570645
14825115056245
10077464530006
6202695583190
12368094201716
10750438197287
7441204055366
18954606827193
1431715271892
20039086840526
15250688996050
12202118858181
3643798029424
17161089656936
13085550143255
12280157865620
1072078588070
15081597947579
11779744416475
15846684525784
16741477913968
16445350509143
3216906992920
18402118113981
12671734785344
9603825161887
14657951737741
5612692482948
2972775886143
9796606290705
9532292773647
15746865386845
2582300975219
15721100251139
9148343928414
11586891335388
16226450777953
5994574548729
303184772442
2628170856215
7809721529990
20178162283820
3408961030776
8238919818024
811133571553
1950663379216
9408006182275
15539843164790
16950474995535
19307801353722
963163818109
18725623334375
13723491531291
1608296869457
3887881289675
895531702709
5704921563352
9700858461105
1179158617030
14809283719610
13914625310396
12550675670221
1028526831619
14955223040011
18897742606725
7222983236588
10526195858141
9703713982075
7372125892718
19471913722958
2835624926516
11857006354347
13501804308705
11306686917946
8150983077165
11358338010517
322783309664
5143634193523
9033099102573
6359075140336
4801702557091
16954235297753
12026507208147
4342176014246
4168829060108
18950332073005
9022097793153
18421729295719
16219592921622
8802570013860
19290802543567
17972909892338
19949723024506
7309328508861
6673342187628
16566082154008
20597863078923
6655417941775
19007857042666
18316100636845
11872375600122
19000309781779
20712679729466
4382403874759
17598553218877
10441014970785
4373212932397
18866532183049
6948691849956
9043042822053
15619277532625
2887489992107
3915797698999
9886640052261
15007541105971
16296236132173
10702163924085
14473998285075
20362613626464
14570118448414
1489891568422
1067498999711
14241280689392
14728025969033
14629646952176
806078615222
12401387463143
17394176416863
7421651099620
16405082356123
12363854916806
5147827549614
9530859687242
6607308872169
6170296556044
20979872506809
4508462945547
15405011673596
1434208593432
17297265907777
5980087888602
3639351383144
18113294086760
3845287347627
4405306235668
6812063152556
13306469316416
686449690635
4623794891455
18142762571984
3313261839213
20004360730307
8054138025570
9205302204964
8031406340339
14576455474659
16372596160686
8086087144011
7096256296349
5211131525756
11816370981157
2165943524220
20107528214846
19500750271985
5328107915504
8152626579711
15873304913775
20794288433689
10256343885713
6669186823247
124360560153
10933750041186
1137203063434
5230431160891
15611298989956
589246316652
3202840414022
16749562365332
20672804879608
9333625468913
5237494533468
10613310282041
9102772492538
10550558320539
10224784174413
406853564535
9450626846589
19689554916035
8770731676873
18440662549193
9473865754778
2357910070629
8993218500614
9420268576001
11464218035459
1318681626873
14898019214545
9617822983501
6156385971568
15488349191845
10030236900466
114208327539
4297063152438
10732849751912
16978981476998
12507470838938
5037216224478
13613328724234
9374403448358
15604347025535
11493508913799
4505354374911
5381397806816
17221076705834
18970220175413
19262549162648
14662546490627
13139541857413
2272271449179
457518540714
14510783512986
12099241349989
3054867218057
10808167000590
13440315004617
3037908164133
18950605227437
2164830690196
12849661934535
18032202321471
11915861858125
7731980584428
11011099697711
9694319415952
11749086211007
15819422325217
11970384973479
10993841041314
12257105992396
9540737069440
9353121463910
2730792189225
14640654575931
15282564637482
7955664170502
9746009958303
9531935700294
10138678859644
14277523178457
690568248369
18927713296927
1574844209553
19910719153711
20378657560359
9912628877102
1968636011912
16721495540512
9613998818311
5758604401192
16889369459890
2349319153689
16660129482562
11832481393942
20309711580228
409646927533
