13|3|4826809|22.202638|2423|3.384353
257|3|288136807515649|48.033747|363555713|8.560571
509|3|17390284781428441|53.949131|5593645151|9.747695
1009|3|1055229678769825441|59.872263|86374331401|10.936385
2003|3|64578164324862916729|65.807680|1341352354343|12.127543
8191|3|302010161517773079920641|77.998943|375116767334401|14.574166
65537|3|79235416345888816038194577409|96.000132|1537322501022646273|18.186765
1048583|3|1329281237998693845036542985209236369|120.000058|100746508478609550213333|23.003230
4294967311|3|6277101866921829272070045767607599270296215402067836915361|192.000000|28356864306219019939806637761836181001|37.452658
4398046511119|3|7237005577480357624133357844251601109645805376271468001686387397097912389281|252.000000|31178701596817948546998630412788512450435114952201|49.493858
13|5|137858491849|37.004397|41032186|7.613125
257|5|1256988294225653106805249|80.056245|951571807474811290|17.978442
1009|5|1093733872802526507260136674401|99.787105|53715517091222544722306|22.730100
65537|5|1461724660096217828138574006242194311125809102849|160.000220|17016195379674920501111149859163969946|37.230862
13|7|3937376385699289|51.806156|837027639705|11.922740
257|7|5483574227962890893331590433934849|112.078744|2965145601879871433128498341|27.472046
1009|7|1133643043389560521028701605795494160060961|139.701946|39768241738986289429167795506486283|34.599536
65537|7|26965706504352387672564992041750118800909059081520136804293290098689|224.000308|224223257320288187040830473431685280487633434708484671781|56.350681
