140115518
109874846
720076
215611876
19698148
119706478
27798908
115322168
135061916
213852489
104470863
80293478
43641899
201854586
129002184
23855924
67497302
131737066
26219498
218974
78490018
138312597
153650281
128620936
55587546
7639951
206679088
202868500
171594688
224642055
138520273
58895202
195232159
3695673
223380977
94038747
208453444
103126570
206772456
163531313
206503831
145110032
185517148
132795310
94438261
144716879
219001300
97448865
188306886
196270384
86157654
46176866
53746438
12621012
56848571
125614823
157240460
3463878
81201446
127454085
182271457
137128047
223835349
131078672
