78120963249
128115435200
225624045876
487997414309
110523303236
74825506991
265252250581
116838976340
541391651610
470547152188
432541165456
184840506504
424190721106
464707945332
111618912429
288100682913
446751996428
330088012617
446828703098
300031572682
349585902928
4173518980
109696533118
483697386041
379193657340
378902161468
97604605146
165415266678
45613421255
117679457719
500770836424
333601314664
176710216297
367583831718
475028349529
254829666753
445125288250
103472955366
9209888619
490068898834
473389871824
93574206518
420151968407
215866022210
142949650700
534411851538
20568410428
351245067538
393066029200
55982534395
458576960359
255392534136
497283258030
507506921065
508808926264
141976884130
486875167580
85024792130
86141782159
385049629856
398364066955
339225072277
314460868415
254116258131
